
robotV3: Command not recognized.


robotV3 >> bs


robotV3 >> 3450744,0,0
3455744,0,0
3460744,0,0
3465764,0,0
3470784,0,0
3475784,0,0
3480784,0,0
3485804,0,0
3490824,0,0
3495840,0,0
3500860,0,0
3505860,0,0
3510880,0,0
3515880,0,0
3520880,0,0
3525900,0,0
3530920,0,0
3535920,0,0
3540932,0,0
3545932,0,0
3550952,0,0
3555952,0,0
3560972,0,0
3565972,0,0
3570972,0,0
3575992,0,0
3580992,0,0
3586008,0,0
3591028,0,0
3596028,0,0
3601028,0,0
3606048,0,0
3611048,0,0
3616068,0,0
3621088,0,0
3626108,0,0
3631128,0,0
3636144,0,0
3641164,0,0
3646164,0,0
3651184,0,0
3656184,0,0
3661204,0,0
3666224,0,0
3671224,0,0
3676224,0,0
3681236,0,0
3686236,0,0
3691236,0,0
3696256,0,0
3701256,0,0
3706276,0,0
3711276,0,0
3716276,0,0
3721296,0,0
3726312,0,0
3731332,0,0
3736332,0,0
3741332,0,0
3746352,0,0
3751352,0,0
3756352,0,0
3761352,0,0
3766352,0,0
3771368,0,0
3776388,0,0
3781388,0,0
3786408,0,0
3791408,0,0
3796408,0,0
3801428,0,0
3806428,0,0
3811428,0,0
3816440,0,0
3821440,0,0
3826440,0,0
3831440,0,0
3836440,0,0
3841440,0,0
3846460,0,0
3851480,0,0
3856480,0,0
3861492,0,0
3866512,0,0
3871512,0,0
3876512,0,0
3881532,0,0
3886532,0,0
3891532,0,0
3896552,0,0
3901552,0,0
3906572,0,0
3911588,0,0
3916588,0,0
3921588,0,0
3926588,0,0
3931588,0,0
3936588,0,0
3941608,0,0
3946608,0,0
3951628,0,0
3956640,0,0
3961640,0,0
3966640,0,0
3971640,0,0
3976660,0,0
3981660,0,0
3986680,0,0
3991680,0,0
3996704,0,0
4001716,0,0
4006716,0,0
4011736,0,0
4016736,0,0
4021756,0,0
4026756,0,0
4031756,0,0
4036756,0,0
4041776,0,0
4046788,0,0
4051788,0,0
4056788,0,0
4061808,0,0
4066808,0,0
4071808,0,0
4076828,0,0
4081828,0,0
4086848,0,0
4091860,0,0
4096864,0,0
4101880,0,0
4106900,0,0
4111900,0,0
4116920,0,0
4121940,0,0
4126960,0,0
4131980,0,0
4137000,0,0
4142012,0,0
4147012,0,0
4152012,0,0
4157032,0,0
4162052,0,0
4167052,0,0
4172072,0,0
4177092,0,0
4182092,0,0
4187104,0,0
4192104,0,0
4197124,0,0
4202144,0,0
4207144,0,0
4212164,0,0
4217164,0,0
4222184,0,0
4227184,0,0
4232204,0,0
4237216,0,0
4242216,0,0
4247216,0,0
4252236,0,0
4257256,0,0
4262256,0,0
4267276,0,0
4272276,0,0
4277296,0,0
4282308,0,0
s4287324,0,0
4292324,0,0
4297344,0,0
4302344,0,0
4307364,0,0
4312384,0,0
4317384,0,0
4322404,0,0
4327416,0,0
4332416,0,0
4337416,0,0
4342436,0,0
4347436,0,0
4352456,0,0
4357476,0,0
4362476,0,0
4367476,0,0
4372496,0,0
4377508,0,0
4382508,0,0
4387508,0,0
m4392524,0,0
4397544,0,0
4402544,0,0
4407544,0,0
4412544,0,0
4417564,0,0
4422580,0,0
4427600,0,0
4432600,0,0
4437620,0,0
4442620,0,0
4447620,0,0
4452620,0,0
4457640,0,0
4462640,0,0
4467652,0,0
4472652,0,0
4477652,0,0
4482652,0,0
4487672,0,0
4492672,0,0
4497692,0,0
4502692,0,0
4507692,0,0
4512704,0,0
4517724,0,0
4522724,0,0
4527744,0,0
4532744,0,0
4537744,0,0
4542744,0,0
4547764,0,0
4552764,0,0
4557776,0,0
4562776,0,0
4567776,0,0
4572776,0,0
4577776,0,0
4582796,0,0
4587796,0,0
4592796,0,0
4597816,0,0
4602828,0,0
4607828,0,0
4612828,0,0
4617828,0,0
4622828,0,0
4627848,0,0
4632848,0,0
4637868,0,0
4642868,0,0
4647880,0,0
4652880,0,0
4657880,0,0
4662900,0,0
4667900,0,0
4672900,0,0
4677920,0,0
4682920,0,0
4687920,0,0
4692932,0,0
4697932,0,0
4702932,0,0
4707952,0,0
4712952,0,0
4717952,0,0
4722952,0,0
4727952,0,0
4732952,0,0
4737968,0,0
4742968,0,0
4747988,0,0
4752988,0,0
4757988,0,0
4762988,0,0
4768008,0,0
4773008,0,0
4778028,0,0
4783044,0,0
4788044,0,0
4793064,0,0
4798064,0,0
4803064,0,0
4808064,0,0
4813084,0,0
4818104,0,0
4823104,0,0
4828116,0,0
4833116,0,0
4838116,0,0
4843116,0,0
4848116,0,0
4853116,0,0
4858116,0,0
4863116,0,0
4868116,0,0
4873128,0,0
4878128,0,0
4883128,0,0
4888128,0,0
4893128,0,0
4898128,0,0
4903148,0,0
4908148,0,0
4913172,0,0
4918188,0,0
4923208,0,0
4928208,0,0
4933228,0,0
4938248,0,0
4943248,0,0
4948268,0,0
4953268,0,0
4958268,0,0
4963280,0,0
4968280,0,0
4973300,0,0
4978300,0,0
4983300,0,0
4988320,0,0
4993320,0,0
4998320,0,0
5003340,0,0
5008356,0,0
5013376,0,0
5018376,0,0
5023376,0,0
5028396,0,0
5033396,0,0
5038396,0,0
5043396,0,0
5048396,0,0
5053408,0,0
5058408,0,0
5063408,0,0
5068408,0,0
5073408,0,0
5078412,0,0
5083432,0,0
5088432,0,0
5093432,0,0
5098448,0,0
5103448,0,0
5108448,0,0
5113448,0,0
5118448,0,0
5123448,0,0
5128448,0,0
5133468,0,0
5138488,0,0
5143500,0,0
5148500,0,0
5153500,0,0
5158520,0,0
5163520,0,0
5168540,0,0
5173560,0,0
5178560,0,0
5183580,0,0
5188596,0,0
5193616,0,0
5198616,0,0
5203636,0,0
5208636,0,0
5213656,0,0
5218656,0,0
5223656,0,0
5228676,0,0
5233676,0,0
5238688,0,0
5243688,0,0
5248708,0,0
5253728,0,0
5258728,0,0
5263748,0,0
5268768,0,0
5273768,0,0
5278788,0,0
5283800,0,0
5288800,0,0
5293820,0,0
5298820,0,0
5303840,0,0
5308840,0,0
5313860,0,0
5318860,0,0
5323880,0,0
5328896,0,0
5333916,0,0
5338936,0,0
5343936,0,0
5348936,0,0
5353956,0,0
5358956,0,0
5363956,0,0
5368976,0,0
5373976,0,0
5378988,0,0
5383988,0,0
5388988,0,0
5394008,0,0
5399028,0,0
5404028,0,0
5409028,0,0
5414048,0,0
5419048,0,0
5424060,0,0
5429060,0,0
5434080,0,0
5439100,0,0
5444100,0,0
5449100,0,0
5454120,0,0
5459120,0,0
5464140,0,0
5469152,0,0
5474152,0,0
5479152,0,0
5484152,0,0
5489152,0,0
5494172,0,0
5499172,0,0
5504172,0,0
5509192,0,0
5514204,0,0
5519204,0,0
5524204,0,0
5529204,0,0
5534204,0,0
5539204,0,0
5544224,0,0
5549224,0,0
5554224,0,0
5559236,0,0
5564236,0,0
5569236,0,0
5574236,0,0
5579236,0,0
5584236,0,0
5589236,0,0
5594236,0,0
5599256,0,0
5604272,0,0
5609272,0,0
5614292,0,0
5619292,0,0
5624312,0,0
5629312,0,0
5634312,0,0
5639312,0,0
5644332,0,0
5649348,0,0
5654368,0,0
5659368,0,0
5664388,0,0
5669388,0,0
5674388,0,0
5679408,0,0
5684408,0,0
5689428,0,0
5694444,0,0
5699464,0,0
5704464,0,0
5709484,0,0
5714484,0,0
5719484,0,0
5724484,0,0
5729504,0,0
5734504,0,0
5739516,0,0
5744516,0,0
5749516,0,0
5754516,0,0
5759516,0,0
5764516,0,0
5769516,0,0
5774536,0,0
5779536,0,0
5784548,0,0
5789548,0,0
5794568,0,0
5799568,0,0
5804588,0,0
5809588,0,0
5814588,0,0
5819588,0,0
5824588,0,0
5829600,0,0
5834600,0,0
5839620,0,0
5844620,0,0
5849620,0,0
5854640,0,0
5859640,0,0
5864640,0,0
5869660,0,0
5874672,0,0
5879672,0,0
5884676,0,0
5889676,0,0
5894696,0,0
5899696,0,0
5904696,0,0
5909716,0,0
5914716,0,0
5919728,0,0
5924728,0,0
5929728,0,0
5934728,0,0
5939728,0,0
5944748,0,0
5949768,0,0
5954768,0,0
5959788,0,0
5964808,0,0
5969824,0,0
5974824,0,0
5979844,0,0
5984844,0,0
 5989844,0,0
5994844,0,0
5999844,0,0
6004844,0,0
6009864,0,0
6014880,0,0
6019880,0,0
6024880,0,0
6029900,0,0
6034900,0,0
6039900,0,0
6044900,0,0
6049900,0,0
6054924,0,0
6059936,0,0
6064936,0,0
6069936,0,0
6074936,0,0
6079936,0,0
6084936,0,0
6089936,0,0
6094936,0,0
6099952,0,0
6104952,0,0
6109952,0,0
6114952,0,0
6119952,0,0
6124952,0,0
6129952,0,0
6134952,0,0
6139952,0,0
6144968,0,0
6149968,0,0
6154988,0,0
6159988,0,0
6164988,0,0
6170008,0,0
6175008,0,0
16180020,0,0
6185020,0,0
6190032,0,0
6195032,0,0
6200036,0,0
6205056,0,0
6210056,0,0
6215056,0,0
6220056,0,0
6225056,0,0
6230056,0,0
6235072,0,0
6240072,0,0
6245092,0,0
6250092,0,0
6255092,0,0
6260092,0,0
6265092,0,0
6270112,0,0
6275112,0,0
6280128,0,0
6285148,0,0
6290148,0,0
6295148,0,0
06300152,0,0
6305152,0,0
6310152,0,0
6315152,0,0
6320152,0,0
6325168,0,0
6330168,0,0
6335168,0,0
6340168,0,0
6345168,0,0
6350168,0,0
6355168,0,0
6360168,0,0
6365184,0,0
6370184,0,0
6375184,0,0
6380184,0,0
6385184,0,0
6390184,0,0
6395184,0,0
6400188,0,0
6405204,0,0
6410216,0,0
6415216,0,0
6420216,0,0
6425236,0,0
6430236,0,0
6435236,0,0
6440256,0,0
6445256,0,0
6450276,0,0
6455292,0,0
6460312,0,0
6465312,0,0
6470332,0,0
6475332,0,0
6480332,0,0
6485332,0,0
6490352,0,0
6495352,0,0
06500368,0,0
6505384,0,0
6510404,0,0
6515404,0,0
6520424,0,0
6525424,0,0
6530424,0,0
6535424,0,0
6540424,0,0
6545424,0,0
6550436,0,0
6555436,0,0
6560436,0,0
6565456,0,0
6570476,0,0
6575496,0,0
6580496,0,0
6585516,0,0
6590536,0,0
6595548,0,0
6600548,0,0
6605568,0,0
6610588,0,0
6615608,0,0
6620608,0,0
6625628,0,0
6630628,0,0
6635648,0,0
6640668,0,0
6645680,0,0
6650680,0,0
6655700,0,0
 6660716,0,0
6665716,0,0
6670736,0,0
6675736,0,0
6680756,0,0
6685756,0,0
6690768,0,0
6695768,0,0
6700788,0,0
6705788,0,0
6710788,0,0
6715788,0,0
6720788,0,0
6725808,0,0
6730828,0,0
6735840,0,0
6740840,0,0
6745860,0,0
6750860,0,0
6755880,0,0
6760880,0,0
6765900,0,0
16770912,0,0
6775912,0,0
6780936,0,0
6785948,0,0
6790948,0,0
6795948,0,0
6800948,0,0
6805968,0,0
6810988,0,0
6815988,0,0
6820988,0,0
6826008,0,0
6831020,0,0
06836020,0,0
6841020,0,0
6846040,0,0
6851040,0,0
6856060,0,0
6861060,0,0
6866080,0,0
6871080,0,0
6876092,0,0
6881092,0,0
6886092,0,0
6891112,0,0
6896112,0,0
6901112,0,0
6906132,0,0
6911132,0,0
6916132,0,0
6921148,0,0
6926168,0,0
6931168,0,0
6936168,0,0
6941188,0,0
6946188,0,0
6951188,0,0
6956188,0,0
6961188,0,0
6966200,0,0
6971200,0,0
6976200,0,0
6981220,0,0
6986240,0,0
6991240,0,0
6996260,0,0
7001260,0,0
7006260,0,0
7011276,0,0
07016276,0,0
7021276,0,0
7026276,0,0
7031276,0,0
7036276,0,0
7041276,0,0
7046276,0,0
7051276,0,0
7056288,0,0
7061288,0,0
7066308,0,0
7071308,0,0
7076328,0,0
7081328,0,0
7086328,0,0
7091328,0,0
7096348,0,0
7101360,0,0
7106360,0,0
7111360,0,0
7116360,0,0
7121364,0,0
7126364,0,0
7131364,0,0
7136364,0,0
7141384,0,0
7146400,0,0
7151400,0,0
7156400,0,0
7161400,0,0
7166400,0,0
7171400,0,0
7176400,0,0
7181420,0,0
7186444,0,0
7191456,0,0
7196456,0,0
7201456,0,0
7206456,0,0
7211456,0,0
7216476,0,0
7221476,0,0
7226476,0,0
7231496,0,0
7236512,0,0

Motor Vectors: [100, 100]


robotV3 >> 7241660,0,0
7246680,0,695
7251680,6250,1235
7256768,2361,7470
7261772,3706,5167
7266784,4585,4277
7271868,5778,9718
7276888,5699,6730
7281892,5411,8754
7286900,6598,8088
7291904,6761,10693
7296916,6782,9115
7301916,6659,10057
7306972,6359,14916
7311988,8032,11055
7316988,6715,8825
7322000,6396,12500
7327000,7874,6035
7332000,6524,8614
7337012,7824,13091
7342024,6534,13586
7347028,9780,9014
7352032,6495,13101
7357032,7898,9566
7362032,6510,8327
7367044,7836,13414
7372060,6414,9932
7377080,7616,7914
7382080,6349,11414
7387092,7547,10850
7392096,6254,11451
7397112,6583,7591
7402148,7968,9268
7407148,6500,12764
7412156,7867,9664
7417156,6340,11848
7422164,7733,10401
7427168,6272,10416
7432180,7639,5879
7437184,8047,13641
7442188,6638,8370
7447188,8045,12316
7452200,10284,8289
7457212,7905,12689
7462220,6424,9809
7467228,7806,6996
7472232,6354,10221
7477240,7716,8741
7482252,8032,9948
7487272,6598,8620
7492280,7961,7118
7497292,6500,9664
7502300,7861,8914
7507300,6443,10350
7512368,11961,11099
7517384,6276,11424
7522404,6495,11838
7527492,7836,13414
7532512,6345,9153
7537524,7680,9425
7542540,6254,9958
7547556,10346,11820
7552572,7942,7399
7557572,6452,8351
7562580,7824,8741
7567580,6363,10158
7572588,7722,10593
7577664,7955,11857
7582684,6529,8327
7587704,7843,9433
7592704,6414,8660
7597704,7751,12057
7602712,8581,8964
7607720,7524,10375
7612728,8038,8693
7617740,6481,10229
7622756,11829,10424
7627760,8278,10653
7632776,11682,10629
7637820,6313,12668
7642820,7633,11820
7647836,6140,10731
7652856,6515,6190
7657860,7911,10019
7662904,6382,12689
7667916,7751,11081
7672936,6304,9014
7677960,6623,11423
7682984,7955,9958
7687996,6486,9687
7693008,11727,11829
7698008,6405,10994
7703012,7621,10355
7708020,6335,9275
7713036,7518,12894
7718100,7942,9619
7723100,6467,11202
7728120,7818,10378
7733136,6368,8587
7738136,7704,10618
7743192,6144,14193
7748200,6554,12077
7753208,7930,8308
7758212,6433,11547
7763216,9788,9094
7768244,6349,8971
7773248,7668,10541
7778248,6267,9772
7783252,6613,10901
7788268,9952,8384
7793272,6500,12126
7798312,7680,9726
7803324,6377,9101
7808328,7581,10601
7813328,6272,14602
7818336,6608,10693
7823360,9944,12222
7828364,6481,10072
7833372,9796,10662
7838384,6299,7393
7843400,7668,9686
7848408,6214,13040
7853424,7547,8614
7858472,7974,12628
7863484,6476,11848
7868484,7830,11194
7873492,6391,9611
7878492,9645,10400
7883492,6281,9913
7888496,7621,9095
7893512,7923,11636
7898516,6588,10977
7903524,7849,7527
7908536,6471,10119
7913536,7800,10034
7918540,6386,10326
7923556,7674,12689
7928572,6276,6991
7933576,7468,8081
7938584,7968,9551
7943604,6414,10385
7948616,7806,10723
7953628,6359,8607
7958644,7674,13576
7963688,6236,7452
7968688,6613,10565
7973708,7930,8314
7978708,6443,9367
7983772,7722,10433
7988776,7039,11205
7993776,6674,9898
7998796,7930,8389
8003816,6520,9411
8008836,7836,8700
8013840,6405,10627
8018844,7710,9980
8023852,6308,11346
8028852,7496,10367
8033896,7961,7290
8038904,8284,13039
8043912,7818,8633
8048932,6359,9261
8053952,7656,10326
8058964,8029,8782
8063984,6564,7500
8068984,11914,7217
8073984,6452,9253
8078988,7836,9626
8083996,8164,9596
8089004,7698,9634
8094044,7974,10127
8099044,6583,9317
8104052,11952,9649
8109052,10177,10433
8114068,9727,9729
8119084,6345,7981
8124104,11261,10742
8129108,8038,8223
8134128,6476,7376
8139144,7874,9679
8144160,6414,11529
8149180,7722,7123
8154188,6290,11820
8159196,7587,12422
8164244,7961,9876
8169252,6462,9514
8174260,7830,9101
8179272,6345,11574
8184292,9659,7920
8189344,11952,9649
8194348,6569,10494
8199364,9842,7582
8204380,6414,9958
8209400,9630,10458
8214400,6313,11064
8219432,7457,9703
8224448,7961,9844
8229464,6419,8452
8234472,7818,9596
8239472,6377,10926
8244480,7704,9109
8249520,6241,11961
8254536,6569,10494
8259540,9928,10253
8264548,6438,10182
8269548,11737,11368
8274600,9913,11914
8279604,6684,11755
8284620,7942,12092
8289632,6544,10135
8294632,7905,10310
8299684,6400,8204
8304684,7716,11219
8309688,6308,10269
8314688,7501,10158
8319760,7949,10367
8324760,6410,8158
8329760,7818,9707
8334780,6354,10825
8339792,7674,12087
8344796,9835,10391
8349800,6608,11773
8354844,9912,7532
8359856,6433,11441
8364872,11691,13423
8369892,6304,10245
8374900,6674,12316
8379912,7930,9860
8384920,6534,8961
8389940,7843,8401
8394960,6391,12287
8399976,7680,12529
8405032,8038,11933
8410060,6419,9703
8415080,7818,8420
8420148,6250,14376
8425152,7598,12709
8430152,6241,10039
8435188,6520,11196
8440196,7855,12353
8445212,6391,12083
8450224,7698,16356
8455232,6254,8851
8460248,7570,12444
8465252,7861,12155
8470264,6510,9232
8475272,7739,11151
8480288,6377,11727
8485300,7662,12967
8490348,6218,8978
8495368,6524,9729
8500372,7898,9566
8505392,6345,9375
8510392,7704,11214
8515472,6153,10466
8520476,6544,11600
8525496,7917,7926
8530504,6424,8509
8535588,7621,13424
8540704,9897,11214
8545728,6405,8223
8550744,7704,11709
8555776,6267,8942
8560784,6495,9149
8565804,7892,10253
8570816,6372,8006
8575836,7739,12863
8580864,6331,11942
8585864,7610,8420
8590872,8032,10326
8595884,6524,9462
8600892,7874,10627
8605932,6359,9718
8610940,7704,10455
8615988,7942,11709
8620988,6578,7211
8625996,7818,11196
8631008,6452,8928
8636028,7739,8653
8641036,8128,10952
8646036,7633,8647
8651056,6232,7783
8656064,8296,8886
8661068,7867,10385
8666072,6368,8653
8671076,7757,7878
8676084,6331,8935
8681100,7639,8823
8686100,6227,10347
8691112,6554,8660
8696132,7892,8542
8701136,10080,8865
8706144,7770,9543
8711144,6335,13042
8716152,6689,7217
8721156,7949,9218
8726168,6534,11746
8731188,7849,7312
8736192,6410,9559
8741200,8687,10792
8746204,6313,9246
8751212,7479,9581
8756232,7949,9566
8761232,6424,6934
8766248,7806,11503
8771264,6354,10111
8776280,7668,11107
8781284,6245,11012
8786284,6588,11037
8791284,11952,10096
8796300,6452,7145
8801316,9765,11090
8806316,6340,8795
8811324,7674,8883
8816336,7974,8660
8821340,6569,8509
8826348,7911,8056
8831356,6462,10229
8836372,7782,9116
8841372,6382,8587
8846388,7570,8465
8851436,7974,11099
8856448,6429,9146
8861488,9720,8957
8866504,8140,11185
8871508,7656,9672
8876512,9800,8614
8881556,6524,11942
8886560,7917,11801
8891564,10947,10385
8896572,11645,10294
8901592,7045,9943
8906612,6638,10383
8911628,7880,11012
8916640,6505,8314
8921648,7794,12852
s8926660,6363,9156
8931684,7645,10441
8936700,6241,11700
8941720,6467,8329
8946720,7874,8329
8951720,10014,11151
8956728,7757,10433
8961732,6331,11029
8966748,11450,15206
8971752,12437,9900
8976752,6559,10653
8981768,11923,14069
8986768,6433,10277
8991800,11933,12145
8996832,8032,8223
9001836,6648,9101
9006844,7898,10977
9011864,6491,12960
9016884,7794,11961
9021896,6363,8858
9026908,7686,12175
9031916,6258,8235
9036924,6486,10677
9041948,7886,11737
9046964,10000,8031
9051976,7733,13675
9056984,9942,12147
9061984,7621,8452
9067112,7861,15699
9072136,6372,11214
9077152,7662,8081
9082152,6245,9543
9087180,7530,9726
9092192,7818,9198
9097208,6462,12519
9102216,7662,8050
9107220,6331,10679
t9112224,7616,10584
9117268,9968,7043
9122276,6510,13329
9127276,7874,8802
9132296,6299,9014
9137308,7662,9615
9142308,7097,12193
9147312,7552,9543
9152392,7917,11214
9157404,10102,8484
9162416,7733,7672
9167416,6313,13992
9172416,7616,7278
9177428,7039,7597
9182436,6559,8542
9187444,7782,9218
9192460,6438,11072
9197468,7639,11012
9202484,6294,11045
9207496,7570,8707
o9212552,9936,9973
9217564,6457,11904
9222568,7794,11838
9227568,6267,10385
9232572,7627,9935
9237580,6175,8687
9242604,6539,9711
9247632,7905,11498
9252636,6424,10573
9257648,7727,9528
9262652,6294,7228
9267692,7541,11933
9272740,7955,7411
p9277760,6438,10416
9282772,7621,10850
9287784,6317,8633
9292828,7434,11904
9297836,7923,11081
9302836,8314,8376
9307852,7824,10182
9312856,6368,9353
9317876,7651,10466
9322892,6148,8865
9327956,6471,11942
9332972,7830,8614
9337988,6345,9649
9342992,9622,10206
9348032,7955,12274
9353080,10207,12699
9358100,11691,9225
9363104,6372,6913
9368104,7692,10229
9373172,10040,10474
9378176,6443,8816
9383180,7855,10644
9388180,6354,7393
9393192,7716,10629
9398192,6313,8879
9403192,9549,8094
9408200,6227,11479
9413200,10322,10618
9418212,11876,8516
9423220,6419,11169
9428240,7757,10269
9433248,6304,9924
9438248,6694,12135
9443248,7961,9898
9448268,6544,9718
9453276,7905,9573
9458284,6424,9729
9463288,7751,8241
9468308,6317,10391
9473336,7451,8949
9478352,7936,7329
9483368,6391,8019
9488380,7763,11368
9493380,6345,9898
9498384,9600,14003
9503392,6250,10221
9508396,6588,11405
9513432,7911,8971
9518444,8858,11884
9523452,7782,8816
9528460,6317,8680
9533500,6653,11923
9538516,7892,7358
9543520,6505,6853
9548540,7800,13456
9553556,6363,11312
9558568,7662,9506
9563580,6258,8741
9568592,6476,9852
9573604,7886,9965
9578612,6363,8426
9583624,7727,13576
9588632,6308,10850
9593636,7621,9043
9598656,8032,9868
9603660,6534,11135
9608664,7886,10135
9613668,6405,13663
9618736,11829,9680
9623748,7961,9729
9628764,6583,7571
9633780,7800,9275
9638796,6424,11205
9643804,7716,9642
9648824,6294,9081
9653824,7587,10324
9658828,8032,10245
9663836,6429,9101
9668848,7824,10408
9673848,6331,9129
9678864,11529,8321
9683876,9856,10726
9688876,11450,12852
9693988,7892,13414
9699004,6377,11933
9704052,7616,13446
9709100,7974,9686
9714104,6510,12287
9719116,7716,9289
9724128,6386,11848
9729132,7581,10269
9734160,7225,12224

Stop


robotV3 >> 9739172,6788,9396
9744212,5976,8561
9749228,3849,4132
9754244,2701,3591
9759260,1506,1713
9764280,1541,1567
9769292,596,1888
9774300,600,461
9779300,718,435
9784304,0,418
9789324,0,460
9794340,0,495
9799352,521,0
9804360,937,539
9809360,0,0
9814364,0,0
9819372,0,0
9824376,0,0
9829384,0,0
9834384,0,0
9839392,0,0
9844396,0,0
9849404,0,0
9854408,0,0
9859412,0,0
9864420,0,0
9869424,0,0
9874424,0,0
9879428,0,0
9884436,0,0
9889440,0,0
9894448,0,0
9899452,0,0
9904460,0,0
9909460,0,0
9914468,0,0
9919468,0,0
9924476,0,0
9929480,0,0
9934488,0,0
9939492,0,0
9944496,0,0
9949504,0,0
9954508,0,0
9959512,0,0
9964512,0,0
9969516,0,0
9974524,0,0
9979532,0,0
9984540,0,0
9989544,0,0
9994552,0,0
9999556,0,0
10004560,0,0
10009564,0,0
10014576,0,0
10019588,0,0
10024596,0,0
10029608,0,0
10034620,0,0
10039632,0,0
10044644,0,0
10049656,0,0
10054664,0,0
10059668,0,0
10064680,0,0
10069692,0,0
10074700,0,0
10079712,0,0
10084724,0,0
10089736,0,0
10094744,0,0
10099756,0,0
10104760,0,0
10109772,0,0
10114780,0,0
10119792,0,0
10124804,0,0
10129816,0,0
10134828,0,0
10139840,0,0
10144848,0,0
10149852,0,0
10154864,0,0
10159876,0,0
10164888,0,0
10169896,0,0
10174908,0,0
10179920,0,0
10184932,0,0
10189940,0,0
10194952,0,0
10199956,0,0
10204968,0,0
10209980,0,0
10214992,0,0
10220000,0,0
10225012,0,0
10230024,0,0
10235036,0,0
10240048,0,0
10245068,0,0
10250076,0,0
10255084,0,0
10260092,0,0
10265100,0,0
10270112,0,0
10275120,0,0
10280128,0,0
10285140,0,0
10290140,0,0
10295148,0,0
10300156,0,0
10305164,0,0
10310172,0,0
10315184,0,0
10320192,0,0
10325200,0,0
10330208,0,0
10335208,0,0
10340216,0,0
10345228,0,0
10350236,0,0
10355244,0,0
10360248,0,0
10365256,0,0
10370264,0,0
10375272,0,0
10380272,0,0
10385280,0,0
10390284,0,0
10395292,0,0
10400300,0,0
10405308,0,0
10410312,0,0
10415320,0,0
10420328,0,0
10425328,0,0
10430332,0,0
10435340,0,0
10440344,0,0
10445348,0,0
10450368,0,0
10455372,0,0
10460376,0,0
10465380,0,0
10470400,0,0
10475400,0,0
10480408,0,0
10485412,0,0
10490416,0,0
10495420,0,0
10500424,0,0
10505428,0,0
10510428,0,0
10515448,0,0
10520448,0,0
10525452,0,0
10530456,0,0
10535460,0,0
10540464,0,0
10545468,0,0
10550472,0,0
10555476,0,0
10560496,0,0
10565496,0,0
10570500,0,0
10575504,0,0
10580508,0,0
10585508,0,0
10590512,0,0
10595520,0,0
10600520,0,0
10605540,0,0
10610544,0,0
10615548,0,0
10620552,0,0
10625556,0,0
10630560,0,0
10635564,0,0
10640568,0,0
10645572,0,0
10650592,0,0
10655592,0,0
10660596,0,0
10665600,0,0
10670604,0,0
10675608,0,0
10680608,0,0
10685612,0,0
10690616,0,0
10695632,0,0
10700636,0,0
10705644,0,0
10710648,0,0
10715652,0,0
10720656,0,0
10725656,0,0
10730664,0,0
10735668,0,0
10740684,0,0
10745688,0,0
10750692,0,0
10755700,0,0
10760704,0,0
10765708,0,0
10770712,0,0
10775716,0,0
10780720,0,0
10785736,0,0
10790740,0,0
10795744,0,0
10800748,0,0
10805752,0,0
10810760,0,0
10815764,0,0
10820768,0,0
10825772,0,0
10830788,0,0
10835792,0,0
10840796,0,0
10845800,0,0
10850804,0,0
10855808,0,0
10860812,0,0
10865816,0,0
10870820,0,0
10875840,0,0
10880844,0,0
10885844,0,0
10890848,0,0
10895852,0,0
10900856,0,0
10905856,0,0
10910860,0,0
10915864,0,0
10920880,0,0
10925884,0,0
10930892,0,0
10935896,0,0
10940900,0,0
10945904,0,0
10950908,0,0
10955912,0,0
10960920,0,0
10965940,0,0
10970944,0,0
10975948,0,0
10980952,0,0
10985956,0,0
10990960,0,0
10995964,0,0
11000972,0,0
11005976,0,0
11010996,0,0
11016000,0,0
11021004,0,0
11026008,0,0
11031012,0,0
11036016,0,0
11041020,0,0
11046024,0,0
11051032,0,0
11056052,0,0
11061056,0,0
11066060,0,0
11071064,0,0
11076068,0,0
11081072,0,0
11086076,0,0
11091080,0,0
11096088,0,0
11101108,0,0
11106112,0,0
11111116,0,0
11116120,0,0
11121128,0,0
11126132,0,0
11131136,0,0
11136144,0,0
11141148,0,0
11146164,0,0
11151168,0,0
11156176,0,0
11161180,0,0
11166184,0,0
11171188,0,0
11176196,0,0
11181200,0,0
11186204,0,0
11191224,0,0
11196228,0,0
11201236,0,0
11206240,0,0
11211244,0,0
11216248,0,0
11221252,0,0
11226256,0,0
11231260,0,0
11236280,0,0
11241284,0,0
11246288,0,0
11251292,0,0
11256296,0,0
11261300,0,0
11266308,0,0
11271308,0,0
11276312,0,0
11281332,0,0
11286336,0,0
11291340,0,0
11296344,0,0
11301348,0,0
11306352,0,0
11311356,0,0
11316360,0,0
11321364,0,0
11326384,0,0
11331388,0,0
11336392,0,0
11341396,0,0
11346404,0,0
11351408,0,0
11356412,0,0
11361416,0,0
11366420,0,0
11371436,0,0
11376444,0,0
11381448,0,0
11386452,0,0
11391456,0,0
11396460,0,0
11401468,0,0
11406472,0,0
11411476,0,0
11416496,0,0
11421500,0,0
11426504,0,0
11431512,0,0
11436516,0,0
11441524,0,0
11446528,0,0
11451532,0,0
11456536,0,0
11461536,0,0
11466540,0,0
11471544,0,0
11476552,0,0
11481556,0,0
11486560,0,0
11491564,0,0
11496568,0,0
11501596,0,0
11506616,0,0
11511620,0,0
11516624,0,0
11521632,0,0
11526632,0,0
11531636,0,0
11536640,0,0
11541644,0,0
11546648,0,0
11551668,0,0
11556672,0,0
11561676,0,0
11566680,0,0
11571684,0,0
11576688,0,0
11581692,0,0
11586696,0,0
11591700,0,0
11596716,0,0
11601724,0,0
11606728,0,0
11611732,0,0
11616736,0,0
11621740,0,0
11626748,0,0
11631752,0,0
11636756,0,0
11641776,0,0
11646780,0,0
11651784,0,0
11656792,0,0
11661796,0,0
11666800,0,0
11671804,0,0
11676808,0,0
11681812,0,0
11686832,0,0
11691836,0,0
11696840,0,0
11701844,0,0
11706848,0,0
11711852,0,0
11716860,0,0
11721864,0,0
11726868,0,0
11731888,0,0
11736892,0,0
11741896,0,0
11746904,0,0
11751908,0,0
11756916,0,0
11761920,0,0
11766924,0,0
11771928,0,0
11776928,0,0
11781932,0,0
11786936,0,0
11791940,0,0
11796948,0,0
11801948,0,0
11806952,0,0
11811956,0,0
11816984,0,0
11822004,0,0
11827008,0,0
11832012,0,0
11837016,0,0
11842024,0,0
11847028,0,0
11852032,0,0
11857036,0,0
11862040,0,0
11867060,0,0
11872064,0,0
11877068,0,0
11882076,0,0
11887080,0,0
11892084,0,0
11897088,0,0
11902092,0,0
11907096,0,0
11912116,0,0
11917120,0,0
11922124,0,0
11927128,0,0
11932132,0,0
11937136,0,0
11942144,0,0
11947148,0,0
11952152,0,0
11957152,0,0
11962156,0,0
11967160,0,0
11972168,0,0
11977172,0,0
11982176,0,0
11987180,0,0
11992188,0,0
11997192,0,0
12002192,0,0
12007196,0,0
12012200,0,0
12017204,0,0
12022208,0,0
12027212,0,0
12032216,0,0
12037220,0,0
12042240,0,0
12047240,0,0
12052248,0,0
12057252,0,0
12062256,0,0
12067260,0,0
12072268,0,0
12077272,0,0
12082276,0,0
12087304,0,0
12092324,0,0
12097328,0,0
12102332,0,0
12107340,0,0
12112344,0,0
12117348,0,0
12122356,0,0
12127360,0,0
12132364,0,0
12137364,0,0
12142368,0,0
12147372,0,0
12152376,0,0
12157384,0,0
12162388,0,0
12167396,0,0
12172400,0,0
12177428,0,0
12182444,0,0
12187452,0,0
12192456,0,0
12197460,0,0
12202464,0,0
12207468,0,0
12212472,0,0
12217480,0,0
12222484,0,0
12227504,0,0
12232508,0,0
12237512,0,0
12242520,0,0
12247524,0,0
12252528,0,0
12257536,0,0
12262540,0,0
12267544,0,0
12272564,0,0
12277572,0,0
12282576,0,0
12287584,0,0
12292592,0,0
12297592,0,0
12302600,0,0
12307604,0,0
12312608,0,0
12317624,0,0
12322628,0,0
12327632,0,0
12332640,0,0
12337644,0,0
12342648,0,0
12347652,0,0
12352656,0,0
12357660,0,0
12362680,0,0
12367684,0,0
12372688,0,0
12377692,0,0
12382696,0,0
12387700,0,0
12392708,0,0
12397712,0,0
12402716,0,0
12407716,0,0
12412720,0,0
12417724,0,0
12422728,0,0
12427732,0,0
12432736,0,0
12437740,0,0
12442748,0,0
12447752,0,0
12452772,0,0
12457776,0,0
12462780,0,0
12467784,0,0
12472792,0,0
12477796,0,0
12482800,0,0
12487804,0,0
12492808,0,0
12497824,0,0
12502828,0,0
12507836,0,0
12512840,0,0
12517844,0,0
12522848,0,0
12527852,0,0
12532860,0,0
12537864,0,0
12542884,0,0
12547888,0,0
12552892,0,0
12557896,0,0
12562904,0,0
12567908,0,0
12572912,0,0
12577916,0,0
12582924,0,0
12587940,0,0
12592948,0,0
12597952,0,0
12602960,0,0
12607964,0,0
12612968,0,0
12617976,0,0
12622980,0,0
12627984,0,0
12633004,0,0
12638012,0,0
12643016,0,0
12648020,0,0
12653024,0,0
12658028,0,0
12663036,0,0
12668040,0,0
12673048,0,0
12678068,0,0
12683072,0,0
12688076,0,0
12693084,0,0
12698088,0,0
12703092,0,0
12708096,0,0
12713104,0,0
12718108,0,0
12723128,0,0
12728132,0,0
12733140,0,0
12738144,0,0
12743152,0,0
12748156,0,0
12753164,0,0
12758168,0,0
12763176,0,0
12768196,0,0
12773200,0,0
12778208,0,0
12783212,0,0
12788220,0,0
12793224,0,0
12798232,0,0
12803240,0,0
12808244,0,0
12813260,0,0
12818260,0,0
12823264,0,0
12828268,0,0
12833272,0,0
12838276,0,0
12843280,0,0
12848284,0,0
12853288,0,0
12858304,0,0
12863308,0,0
12868312,0,0
12873316,0,0
12878320,0,0
12883324,0,0
12888328,0,0
12893332,0,0
12898336,0,0
12903356,0,0
12908360,0,0
12913364,0,0
12918368,0,0
12923372,0,0
12928376,0,0
12933380,0,0
12938384,0,0
12943388,0,0
12948404,0,0
12953412,0,0
12958416,0,0
12963420,0,0
12968424,0,0
12973428,0,0
12978432,0,0
12983436,0,0
12988444,0,0
12993464,0,0
12998468,0,0
13003472,0,0
13008476,0,0
13013480,0,0
13018484,0,0
13023492,0,0
13028496,0,0
13033500,0,0
13038500,0,0
13043504,0,0
13048508,0,0
13053512,0,0
13058520,0,0
13063524,0,0
13068528,0,0
13073536,0,0
13078540,0,0
13083560,0,0
13088564,0,0
13093568,0,0
13098576,0,0
13103580,0,0
13108588,0,0
13113588,0,0
13118592,0,0
13123596,0,0
13128616,0,0
13133616,0,0
13138620,0,0
13143624,0,0
13148624,0,0
13153628,0,0
13158632,0,0
13163636,0,0
13168660,0,0
13173680,0,0
13178684,0,0
13183688,0,0
13188692,0,0
13193696,0,0
13198700,0,0
13203704,0,0
13208708,0,0
13213708,0,0
13218728,0,0
13223732,0,0
13228736,0,0
13233740,0,0
13238744,0,0
13243748,0,0
13248752,0,0
13253756,0,0
13258780,0,0
13263780,0,0
13268784,0,0
13273788,0,0
13278792,0,0
13283796,0,0
13288800,0,0
13293800,0,0
13298804,0,0
13303832,0,0
13308852,0,0
13313856,0,0
13318860,0,0
13323860,0,0
13328864,0,0
13333868,0,0
13338872,0,0
13343876,0,0
13348880,0,0
13353896,0,0
13358900,0,0
13363904,0,0
13368908,0,0
13373912,0,0
13378916,0,0
13383920,0,0
13388924,0,0
13393928,0,0
13398944,0,0
13403952,0,0
13408956,0,0
13413960,0,0
13418964,0,0
13423968,0,0
13428976,0,0
13433980,0,0
13438984,0,0
13444004,0,0
13449008,0,0
13454008,0,0
13459012,0,0
13464016,0,0
13469020,0,0
13474024,0,0
13479028,0,0
13484056,0,0
13489072,0,0
13494076,0,0
13499084,0,0
13504088,0,0
13509088,0,0
13514092,0,0
13519100,0,0
13524104,0,0
13529108,0,0
13534124,0,0
13539128,0,0
13544136,0,0
13549136,0,0
13554140,0,0
13559148,0,0
13564152,0,0
13569156,0,0
13574160,0,0
13579180,0,0
13584184,0,0
13589188,0,0
13594192,0,0
13599196,0,0
13604200,0,0
13609204,0,0
13614208,0,0
13619212,0,0
13624228,0,0
13629232,0,0
13634236,0,0
13639240,0,0
13644244,0,0
13649248,0,0
13654252,0,0
13659256,0,0
13664284,0,0
13669300,0,0
13674308,0,0
e13679328,0,0
13684332,0,0
13689336,0,0
13694340,0,0
13699348,0,0
13704352,0,0
13709356,0,0
13714376,0,0
13719380,0,0
13724384,0,0
13729388,0,0
13734392,0,0
13739400,0,0
13744404,0,0
13749408,0,0
13754416,0,0
13759432,0,0
13764440,0,0
13769444,0,0
13774448,0,0
13779448,0,0
13784452,0,0
13789456,0,0
13794460,0,0
13799468,0,0
13804484,0,0
13809488,0,0
13814492,0,0
13819496,0,0
13824504,0,0
13829504,0,0
13834508,0,0
13839512,0,0
13844520,0,0
13849536,0,0
13854540,0,0
13859544,0,0
13864548,0,0
13869552,0,0
13874560,0,0
13879564,0,0
13884568,0,0
13889572,0,0
13894592,0,0
13899596,0,0
13904600,0,0
13909608,0,0
13914612,0,0
13919616,0,0
13924624,0,0
13929628,0,0
13934632,0,0
13939652,0,0
13944656,0,0
13949660,0,0
13954664,0,0
13959668,0,0
13964672,0,0
13969676,0,0
13974680,0,0
13979688,0,0
13984704,0,0
13989708,0,0
13994712,0,0
13999720,0,0
14004724,0,0
14009728,0,0
s14014736,0,0
14019740,0,0
14024744,0,0
14029764,0,0
14034768,0,0
14039772,0,0
14044776,0,0
14049780,0,0
14054784,0,0
14059792,0,0
14064796,0,0
14069800,0,0
14074820,0,0
14079828,0,0
14084832,0,0
14089836,0,0
14094844,0,0
14099844,0,0
14104848,0,0
14109852,0,0
14114860,0,0
14119876,0,0
14124884,0,0
14129884,0,0
14134892,0,0
14139896,0,0
14144900,0,0
14149904,0,0
14154908,0,0
14159912,0,0
14164912,0,0
14169916,0,0
14174920,0,0
14179924,0,0
14184928,0,0
14189932,0,0
14194940,0,0
14199944,0,0
14204948,0,0
14209948,0,0
14214952,0,0
14219956,0,0
14224960,0,0
14229968,0,0



robotV3 >>
