
robotV3: Command not recognized.


robotV3 >> bs
robotV3: Command not recognized.


robotV3 >> cpuy
robotV3: Command not recognized.


robotV3 >> cpu
168 us, min: 164 us, max: 176
3% used for 5ms loop time.


robotV3 >> sm 100 100
Motor Vectors: [100, 100]


robotV3 >> cpu
228 us, min: 164 us, max: 352
4% used for 5ms loop time.


robotV3 >> bs


robotV3 >> 272630336,0,723
272631488,1962,1462
272632876,1926,2990
272634408,5518,3529
272635820,1805,3519
272637284,2985,2962
272638740,5818,1428
272640096,1898,2150
272641508,1885,3572
272642840,1885,3029
272644292,3660,2228
272645628,1818,2158
272647372,2856,2779
272649192,4894,4979
272651008,1788,4343
272652824,2751,3688
272654676,2811,2988
272656468,2916,4439
272658276,3014,2221
272660132,1810,4478
272661916,2777,3449
272663732,2853,2113
272665548,2969,2871
272667368,1795,5850
272669184,2773,2976
272671004,2864,5361
272672820,4913,6245
272674640,1794,2811
272676456,1839,2811
272678276,2840,2934
272680116,2920,2976
272681908,5319,3786
272683728,1826,2103
272685544,2779,2858
272687364,2866,3650
272689212,2969,3688
272691032,1793,2988
272692816,2786,3628
272694632,2875,2226
272696488,4898,2980
272698272,1799,3845
272700088,1846,3519
272701904,2851,2871
272703724,2938,3952
272705572,2011,5195
272707360,1830,4547
272709176,4695,2080
272710996,2875,4941
272712840,2973,4967
272714632,1810,4558
272716464,1857,2976
272718268,6730,3792
272720084,2971,2097
272721904,1807,3021
272723720,1851,2893
272725540,2858,5339
272727356,2952,4391
272729172,1783,2305
272730992,2759,3685
272732844,2777,2983
272734628,2886,2069
272736480,2983,2792
272738264,1816,4280
272740080,2808,3636
272741900,2900,5919
272743772,2952,4474
272745536,1814,2916
272747352,4653,2111
272749168,2877,6435
272750988,2966,2813
272752804,1801,3690
272754624,2771,3024
272756460,3756,5204
272758256,2906,2845
272760076,5357,4310
272761892,1830,4411
272763744,2808,2990
272765528,6814,2175
272767456,2943,5331
272769200,1814,2235
272770984,2808,2866
272772800,2906,5055
272774632,5947,2851
272776436,1801,5087
272778260,4633,2969
272780072,2825,3029
272781892,2916,4637
272783708,1790,4912
272785528,1836,2869
272787344,2836,3656
272789160,3912,5195
272790980,1783,3021
272792796,1834,2794
272794616,2821,2864
272796432,2904,2925
272798284,2978,6648
272800068,1808,3026
272801884,2796,2916
272803716,2830,5204
272805520,4886,3026
272807340,1798,5401
272809156,1845,2125
272810976,2849,2886
272812792,2964,3682
272814644,3014,4471
272816428,1842,2057
272818244,3855,3492
272820064,6804,3537
272821880,3014,3673
272823700,1815,2962
272825516,2806,3016
272827336,3802,3820
272829152,2943,2122
272830972,3610,2884
272832788,2777,3693
272834640,2843,2980
272836424,2959,3041
272838240,3903,2950
272840152,4913,2969
272841880,2849,2284
272843696,4890,2808
272845512,1761,2856
272847332,1826,3705
272849148,4706,2969
272850976,2862,3786
272852784,2959,2830
272854604,4685,2832
272856420,2790,2869
272858236,2873,3633
272860076,2976,3696
272861872,1805,3043
272863692,1857,4644
272865508,2871,4277
272867328,2945,2891
272869144,1766,4425
272871020,5438,5204
272872808,2817,3717
272874596,2877,2218
272876452,6873,2990
272878236,1819,2071
272880052,6793,2111
272881872,2889,2869
272883696,2973,4360
272885504,4558,2971
272887324,2792,5300
272889140,2869,4367
272890960,4921,2098
272892776,1773,2866
272894592,2765,5107
272896412,2843,2955
272898228,2886,2909
272900060,2973,3472
272901864,1827,2140
272903684,2815,4346
272905500,2893,2931
272907392,2948,2969
272909220,3031,6024
272910952,1869,2212
272912800,2862,2976
272914592,2962,3048
272916408,1778,2097
272918224,5535,4982
272920044,2853,5075
272921860,2900,2950
272923760,2948,2969
272925496,1843,2061
272927316,2817,3038
272929132,2904,2838
272930984,2983,2882
272932768,3687,5179
272934620,2794,2976
272936404,2886,3053
272938224,2971,2114
272940048,1780,5318
272941856,5551,2198
272943688,2856,5204
272945492,2909,5331
272947344,2983,2185
272949164,1828,2978
272950948,4826,3041
272952764,2911,2092
272954584,3012,2851
272956400,3671,2902
272958220,2821,4439
272960072,2877,2990
272961872,3965,2058
272963672,1788,4210
272965488,2783,3553
272967308,2873,3720
272969124,2916,2973
272970944,5024,4554
272972760,1846,2095
272974576,2838,3572
272976396,2927,5075
272978212,1780,2969
272980032,1834,3774
272981848,2832,2175
272983668,2913,4429
272985560,2952,2976
272987304,1794,3467
272989120,2794,2828
272990940,2893,3594
272992828,2886,3714
272994596,5028,2976
272996392,1854,3817
272998208,2856,2010
273000028,2945,2840
273001844,5368,5063
273003664,1843,3664
273005480,2851,2950
273007300,2922,2080
273009116,7028,2834
273010936,1801,5091
273012760,2800,2913
273014584,6741,3717
273016388,2936,2163
273018236,3019,6193
273020052,5551,3720
273021840,2862,3053
273023660,2950,2097
273025476,5380,4990
273027296,2771,2909
273029112,2853,5175
273030932,2929,3019
273032748,1759,4142
273034564,2709,2792
273036384,2813,2851
273038200,2900,5114
273040032,2945,5191
273041872,1801,2988
273043656,1862,2081
273045472,2869,2830
273047292,6895,3817
273049108,5391,4425
273050952,2765,2976
273052744,2860,3053
273054640,2893,3726
273056456,6955,2957
273058296,1779,5229
273060016,2817,3492
273061832,4844,2851
273063652,5905,5083
273065468,1816,3688
273067320,2794,3729
273069104,2873,2064
273070924,2962,3495
273072740,2904,2832
273074584,2771,5208
273076376,2869,2955
273078192,2950,3768
273080012,1764,5357
273081828,1816,2111
273083648,2828,3586
273085472,2911,2931
273087300,2952,4460
273089100,5466,3789
273090916,1872,4384
273092752,2873,3720
273094556,4948,3038
273096372,1805,2783
273098188,2792,2122
273100008,2880,2900
273101832,2964,5155
273103676,3825,2985
273105460,1820,4251
e273107360,2792,2060
273109184,4792,3495
273111000,2922,4956
273112920,4948,4425
273114636,3695,2959
273116488,4905,2992
273118272,4879,3817
273120088,1783,3033
273121908,1835,2882
273123724,2838,3688
273125620,2871,5952
273127392,6955,3016
273129180,1797,2931
273131032,2777,2978
273132812,4803,3446
273134632,2927,3511
273136448,3604,4591
273138268,1851,2973
273140160,2811,3720
273141904,2931,3786
273143720,1785,3556
273145540,1839,2117
273147436,5947,2830
273149176,2927,3636
273151040,2978,5163
273152812,1801,4576
273154628,2806,2825
273156444,2897,3586
273158264,2941,2904
273160080,1811,4460
273161900,1858,2288
273163716,2858,3673
273165612,2904,5220
273167352,1794,3817
273169172,1845,2929
273170988,3810,3619
273172808,4886,3639
273174624,1756,3708
273176440,1811,2051
273178260,2819,3464
273180076,2909,4213
273181896,2962,3679
273183712,3636,2938
273185564,2788,3726
273187348,2875,3807
273189200,2943,2976
273190984,3602,2873
273192804,4575,5163
273194656,2847,4474
273196436,6868,3625
273198256,1761,2219
273200072,2725,3033
273201892,2828,2089
273203708,2920,4271
273205528,2966,5083
273207364,1819,4584
273209164,1875,2290
273210980,3849,3829
273212884,2927,4453
273214616,3620,2916
273216448,2786,3720
273218252,2880,4543
273220068,2959,2290
273221888,1769,2862
273223712,2733,4401
273225556,4724,2973
273227340,2936,2286
273229172,2973,2934
273231012,2733,2990
273232792,2830,4163
273234612,2904,2815
273236464,2978,3559
273238248,5458,2929
273240100,2796,4457
273241884,2900,2039
273243712,2973,5075
273245516,1784,4975
273247336,2751,5075
273249156,2856,3667
273250972,6906,2943
273252824,2978,2755
273254608,1843,2127
273256424,2845,2889
273258244,2920,5147
273260136,2976,4436
273261880,2743,4573
273263696,2828,3717
273265548,2895,3738
273267368,2978,3048
273269152,1788,2260
273270968,2763,2877
273272788,2869,2938
273274604,2962,1939
273276456,2990,2041
273278240,1850,3492
273280056,2856,2830
273281916,2909,4460
273283692,3576,2969
273285512,1840,3026
273287328,2840,2794
273289180,2906,5229
273290996,2988,3602
273292788,1793,3720
273294600,2773,2156
273296420,2882,5091
273298260,3965,2216
273300052,1799,4569
273301868,1858,2806
273303688,2866,5690
273305508,2941,2889
273307476,6900,4467
273309176,1831,2988
273310960,2851,2735
273312788,2934,3625
273314596,1778,2858
273316412,1805,4360
273318232,2788,2945
273320048,2897,4443
273321892,2976,2769
273323684,1807,5151
273325500,1874,5126
273327320,2877,2931
273329180,2931,4460
273331128,2959,5216
273332772,1851,2218
273334592,2862,4558
273336408,2955,2843
273338228,1785,2909
273340044,3597,2862
273341864,2802,4377
273343680,2913,4457
273345532,2985,3019
273347316,1816,3469
273349132,4709,3019
273350952,2891,2864
273352768,2969,3670
273354624,1794,3723
273356404,1858,4550
273358256,2856,2980
273360040,2966,2862
273361860,1792,4394
273363688,2721,4464
273365496,2813,3792
273367312,2922,2945
273369200,2976,3688
273370948,1823,2064
273372764,6588,4893
273374584,2902,3564
273376408,2976,3829
273378216,3625,2969
273380036,2796,6063
273381856,2880,2064
273383676,2973,3516
273385496,1801,5738
273387308,4619,3548
273389124,2823,2964
273390944,2936,2290
273392760,1786,5063
273394580,1831,2862
273396396,4731,8006
273398216,2920,3720
273400076,2973,4432
273401852,1827,6602
273403672,2808,4460
273405484,2900,4558
273407336,2973,2083
273409120,5419,3564
273410940,2749,4360
273412756,2836,2957
273414576,2950,2032
273416392,1789,4142
273418212,2759,3495
273420028,2851,3717
273421848,3885,2934
s273423748,2959,4394
273425568,1801,4450
273427388,2777,4550
273429204,2862,3511
273431024,2950,4313
273432840,3568,2920
273434660,1810,2957
273436476,2804,4543
273438292,4856,2200
273440180,2969,2952
273441928,1818,7254
273443764,1871,1390
273445584,2886,3673
273447476,2918,5216
273449220,1803,2950
273451080,6443,4471
273452852,2869,3446
273454672,2959,2105
273456492,5357,2836
273458308,1814,5083
273460124,2806,2976
273461944,2916,6826
273463808,4980,3814
273465580,1820,2125
273467404,2819,5791
273469216,6777,2973
273471048,2973,3016
273472852,1814,2913
273474668,2798,2226
273476484,2886,3033
273478308,2973,5832
273480120,3594,2838
273481940,2735,3608
273483756,2821,2950
273485608,4856,2990
273487392,1779,5361
273489212,1827,2092
273491028,2834,2858
273492848,6835,5095
273494700,2976,5130
273496496,1824,2976
273498300,4685,3482
273500116,2900,2856
273501964,2973,3589
273503752,1805,4432
273505572,2747,3016
273507388,2832,2909
273509208,4909,4464
273511024,3717,3021
273512840,1836,3472
273514660,2849,2122
273516476,2927,3611
273518328,2988,5114
273520148,1816,2973
273521932,2819,4114
273523748,2909,6287
273525600,2980,4926
273527412,6308,4464
273529204,2755,2959
273531020,2840,3016
273532840,2952,2767
273534656,1789,4952
273536472,2761,2889
273538292,2851,2952
273540152,2911,3723
273541928,2011,4565
273543744,1832,2938
273545600,2808,3071
273547380,2922,2761
273549200,4016,3511
273551016,4548,2856
273552836,2767,2911
273554652,2858,5195
273556468,2973,3038
273558288,1810,2819
273560104,2779,2113
273561924,2886,2869
273563740,2952,3630
273565556,1808,3835
273567376,1845,3038
273569192,2847,2165
273571012,2936,2851
273572832,1774,5352
273574648,1828,4422
273576464,2786,2168
273578360,2832,6058
273580128,2973,2200
273581952,1806,4482
273583736,2794,2071
273585556,6730,4216
273587372,4948,3586
273589192,1805,3636
273591008,2775,2971
273592824,3810,5305
273594644,2959,4123
273596460,3566,2102
273598280,2753,2869
273600096,4936,5103
273601916,2884,2952
273603808,2957,4471
273605552,3692,2091
273607368,2804,5313
273609184,2893,2913
273611012,2973,2931
273612864,1797,2976
273614796,1805,5204
273616456,2866,2216
273618308,2936,2983
273620092,1785,2755
273621912,2759,2103
273623728,2804,4990
273625548,3858,2913
273627396,2990,2943
273629184,1823,3029
273631000,2813,4145
273632816,3872,2800
273634664,2973,4432
273636452,3033,2922
273638280,1860,5952
273640088,2877,3777
273641904,2969,3048
273643736,1788,3717
273645540,2773,2916
273647360,2825,2962
273649180,2902,3765
273650996,3566,2178
273652812,1839,3076
273654632,5647,3036
273656448,6809,2081
273658300,2985,2804
273660084,1823,2884
273661904,3739,4408
273663756,2866,3723
273665540,2976,3817
273667356,1797,2092
273669172,6481,3556
273670992,2819,3600
273672808,2913,2875
273674628,7085,4525
273676496,3965,5322
273678264,3799,4303
273680080,4875,2877
273681900,3012,2938
273683752,1815,3738
273685540,2811,3708
273687352,6761,2941
273689236,2948,5195
273690988,1802,2071
273692804,6500,2815
273694624,2828,4303
273696440,2938,2920
273698260,3589,2008
273700076,1836,3409
273701904,2830,4825
273703712,4890,4367
273705532,1783,2884
273707348,4582,4411
273709172,2819,4460
273710984,2904,2286
273712836,2978,2102
273714620,1806,3605
273716436,4667,5134
273718256,2836,2971
273720072,2927,4562
273721888,1797,3861
273723784,1815,5208
273725524,2843,2757
273727420,5795,3711
273729256,2973,2950
273730980,1839,2902
273732796,2830,2973
273734616,2911,4539
273736468,2988,2064
273738248,1814,3529
273740068,2800,4293
273742016,4913,4453
273743736,4860,2976
273745524,1798,3053
273747340,4901,4363
273749156,2851,2153
273750976,2948,4374
273752824,4019,4464
273754612,1840,3810
273756428,4724,2198
273758276,3866,3711
273760064,3014,3053
273761884,5446,2095
273763700,2808,4994
273765516,2851,3653
273767336,4898,2964
273769152,1803,5296
273771028,5980,4576
273772788,2853,2911
273774616,2945,2864
273776424,5498,5114
273778244,1845,2962
273780060,2840,2952
273781876,2925,3492
273783696,1755,2862
273785516,2729,4363
273787332,2821,2959
273789156,4956,4528
273790968,2948,2911
273792784,1811,2976
273794604,4720,3021
273796420,2862,3464
273798240,2959,2121
273800056,1795,2882
273801876,2775,5134
273803708,2843,2976
273805512,2931,3043
273807328,1761,2087
273809144,1827,2116
273810964,2823,7405
273812780,2869,2941
273814632,6862,5216
273816416,1816,3792
273818236,2790,2290
273820052,2877,3572
273821872,4952,4287
273823688,1802,2966
273825504,2788,3768
273827324,6669,2904
273829140,2948,2226
273830960,1766,8522
273832776,1832,2767
273834596,2834,2109
273836412,2889,2871
273838232,2971,5122
273840068,1816,2973
273841868,2802,4547
273843684,2886,2078
273845520,5947,4930
273847376,1789,6680
273849136,1862,2836
273850968,4767,2976
273852772,2952,3033
273854588,1781,2307
273856408,2755,4964
273858224,2843,3616
273860044,4867,6077
273861872,2976,4603
273863688,5470,3048
273865500,2806,3676
273867352,2873,2985
273869160,6938,3031
273870952,1814,2108
273872768,2804,4284
273874600,2869,3720
273876460,4886,3717
273878220,4442,5292
273880040,1843,3529
273881860,2851,2111
273883676,4829,2864
273885528,2978,2880
273887312,5506,5183
273889128,2823,3033
273890948,2909,2806
273892764,5020,3564
273894580,1826,2884
273896400,2817,4422
273898216,6772,3026
273900092,4921,4562
273901852,1794,3699
273903672,2773,3016
273905488,4785,2891
273907308,4837,2873
273909160,2983,5001
273910944,1839,3656
273912788,2815,2973
273914576,2918,2290
273916396,2012,4843
273918212,3949,3662
273920036,2821,2889
273921848,2900,3688
273923720,4960,3696
273925492,1785,2976
273927304,2781,3519
273929120,6694,5055
273930940,2913,4401
273932808,2980,3696
273934576,3687,2288
273936512,2775,6097
273938244,3875,2985
273940028,3561,3820
273941848,2019,3886
273943664,1889,2858
273945480,3878,5126
273947332,6949,3685
273949116,1794,5283
273950936,3765,2074
273952752,6715,3519
273954572,2925,4982
273956388,1801,2902
273958212,2771,2973
273960024,2849,3036
273961844,3912,2790
273963660,1786,3553
273965480,1840,2902
273967296,2845,3711
273969112,2922,3019
273970932,5020,3058
273972748,1802,2212
273974564,2806,3019
273976384,4822,3461
273978200,2941,4226
273980020,1807,4293
273981836,1858,2920
273983656,2858,2976
273985472,2948,3043
273987292,1793,3572
273989108,2771,2116
273990960,3965,2862
273992744,2934,2904
273994564,1755,2962
273996380,1807,3038
273998200,6574,2098
274000016,2902,2845
274001832,2950,5048
274003652,1814,5159
274005524,5966,2834
274007288,2869,2183
274009112,2959,3676
274010956,1788,3726
274012740,1854,2071
274014560,2864,3508
274016376,2948,4293
274018192,1764,3679
274020088,1792,3726
274021832,2830,5283
274023664,2909,3717
274025464,2966,2094
274027280,1824,2862
274029100,2813,2906
274030920,2884,2943
274032744,2973,4432
274034556,1810,2779
274036448,2753,4482
274038188,2882,3628
274040008,4932,4377
274041840,1765,2973
274043644,1824,2160
274045460,2845,2204
274047296,2925,3720
274049108,2973,3033
274050912,1834,2875
274052732,5651,4982
274054552,2911,2891
274056392,2973,2929
274058220,1805,4482
274060004,2804,2060
274061820,2891,2911
274063640,2969,2834
274065456,1775,2900
274067276,2745,5171
274069128,4745,3723
274070912,2945,3036
274072756,2973,4912
274074544,1840,2893
274076364,2836,2938
274078208,2893,4460
274080032,2980,3036
274081824,1822,3670
274083672,2794,5976
274085452,2904,2292
274087288,2973,2094
274089088,3566,2860
274090904,2761,2916
274092724,2864,5942
274094544,2959,6043
274096392,2988,2063
274098188,4612,3513
274099996,6653,3591
274101812,2943,4446
274103680,2988,2957
274105448,7331,3046
274107268,2830,3505
274109084,2918,2853
274110936,2978,4340
274112720,1790,3667
274114536,3692,3789
274116356,2875,2911
274118188,2973,3693
274119992,3016,3038
274121808,1867,2290
274123628,2860,2832
274125444,2936,2880
274127372,2983,3705
274129116,3654,6077
274130896,2845,3411
274132716,2934,3639
274134532,3014,2843
274136352,1807,4340
274138168,2779,2925
274140012,5751,3720
274141820,2973,2072
274143652,2830,4460
274145440,1862,2155
274147260,2873,2911
274149076,2952,4460
274150896,1797,2305
274152712,2771,2200
274154536,2856,2969
274156348,4913,3031
274158164,1783,2086
274159984,1807,2124
274161800,2794,2891
274163620,2902,2931
274165504,6933,2952
274167256,1811,3835
274169072,2804,3456
274170900,4800,2813
274172708,2964,2884
274174524,1805,6607
274176344,4633,2971
274178176,2860,3720
274179980,2957,2800
274181840,5024,5204
274183616,1812,2913
274185432,2813,2948
274187292,2889,2985
274189100,2985,3798
274190884,1816,2964
274192740,2794,2988
274194520,2893,2761
274196340,2969,2871
274198156,4519,5005
274199976,2788,4367
274201792,2875,2962
274203612,2966,3026
274205428,2948,3454
274207276,2713,3720
274209064,2811,3664
274210880,2934,2916
274212700,4022,5204
274214552,1811,2992
274216336,1882,2083
274218152,2904,2125
274220072,2925,7440
274221788,1814,2952
274223640,4636,3726
274225424,2886,2180
274227260,2969,2943
274229060,1799,5288
274230876,1826,2074
274232696,2825,2808
274234512,2936,2869
274236332,3610,2925
274238160,1827,2976
274239968,2832,3033
274241784,2913,2081
274243644,2969,2804
274245420,1819,3580
274247240,2804,4429
274249092,2877,5212
274250896,2973,5322
274252692,4512,2111
274254508,2745,2862
274256328,2830,5114
274258168,2929,4464
274259964,3586,3798
274261780,1835,2190
274263600,2838,2973
274265416,5845,3043
274267268,2978,4857
274269052,1827,4975
274270872,2813,4576
274272764,2858,5208
274274580,2955,4464
274276324,1807,2052
274278140,2751,3628
274279960,2838,2858
274281776,4921,5091
274283596,1788,3679
274285432,2751,2976
274287232,6648,2089
274289052,5947,5755
274290900,2990,2871
274292684,5490,2929
274294528,2811,4460
274296352,2893,3720
274298172,2985,5428
274299988,5415,2232
274301772,2765,3820
274303592,2849,2098
274305440,2945,5976
274307224,1797,4370
274309044,2777,3693
274310860,8600,3016
274312680,2950,3446
274314496,1794,2786
274316324,3673,2125
274318132,2838,2909
274319952,2922,4446
274321844,2976,2950
274323600,1818,5947
274325404,2773,3527
274327220,2862,2882
274329092,2952,4460
274330856,1803,2973
274332684,2779,4543
274334492,2875,2193
274336328,5905,6691
274338240,2983,4446
274339988,1831,5191
274341764,2851,2122
274343584,2936,6480
274345400,1775,5863
274347232,4558,2976
274349036,2783,3051
274350852,2873,4172
274352696,2976,2802
274354488,1811,2871
274356308,2794,2934
274358156,2871,2976
274359944,2973,6058
274361760,1807,2094
274363580,2781,3564
274365396,6679,2920
274367244,2950,3714
274369032,1783,3016
274370848,1836,2909
274372668,2798,3708
274374484,7692,3817
274376336,2980,2757
274378120,1815,3524
274379940,3736,2880
274381756,2897,4401
274383624,2955,4464
274385392,1812,3043
274387208,1865,2087
274389028,6699,3540
274390848,2964,4303
274392664,1789,2864
274394516,6405,2980
274396300,2817,3556
274398116,5787,3527
274399968,4984,2845
274401752,1820,5850
274403600,2794,3717
274405508,2838,4464
274407232,4956,2180
274409024,1816,2976
274410840,2798,3046
274412660,2877,2095
274414476,2973,3559
274416296,1793,2893
274418112,2769,1994
274419932,2808,2027
274421748,2897,3426
274423564,2012,2875
274425384,1823,2862
274427204,2813,5099
274429020,6788,4429
c274430924,4913,2969
274432744,1792,3046
274434560,1839,4316
274436376,2834,4998
274438196,2925,2889
274440012,2012,5171
274441832,2729,4418
274443648,4643,3597
274445468,2856,3705
274447284,2971,3780
274449100,1799,2081
274450920,2775,3535
274452736,2869,3614
274454564,2945,1897
274456408,3012,4474
274458192,4609,2061
274460008,2840,3482
274461840,3949,3656
274463644,3558,2927
274465488,1816,2973
274467284,4960,4562
274469096,2866,2938
274470936,2969,2864
274472732,3756,2955
274474588,2769,2988
274476368,2875,2181
274478200,2952,3717
274480004,1799,3798
274481824,1845,2823
274483640,2849,4307
274485456,2943,4353
274487276,3556,2013
274489096,1830,6063
274490912,2788,2753
274492728,2877,2815
274494576,2973,5017
274496364,2731,8830
274498200,2786,3717
274500000,2884,2929
274501820,2969,2114
274503636,1805,2891
274505456,1850,2938
274507304,2838,5204
274509088,2948,2891
274510908,1783,2952
274512724,1835,4644
274514544,2788,2075
274516360,2882,2815
274518212,2980,2860
274519996,3676,2938
274521848,2786,5216
274523632,2891,5017
274525460,2973,2091
274527268,1810,3564
274529084,2786,5787
274530904,2866,2950
274532720,2955,3036
274534540,3644,2804
274536356,2761,2142
274538176,2798,2904
274539996,2889,2976
274541844,2990,3792
274543636,1816,2938
274545468,2800,2976
274547264,2906,3053
274549080,3891,2108
274550900,3631,2866
274552716,2794,5126
274554544,6699,5952
274556352,2962,2049
274558172,1789,2290
274559988,2767,3529
274561808,2806,2781
274563624,2897,2959
274565444,7079,4521
274567260,1824,2087
274569080,2817,2127
p274570980,2866,2845
274572836,2927,5952
274574616,1793,4450
274576468,1826,3732
274578252,2840,5809
274580072,2920,2226
274581964,2973,2955
274583708,5454,4179
274585524,2769,2832
274587344,2856,2966
274589160,2971,2943
274591012,1789,4478
274592804,2775,2757
274594612,2871,4210
274596432,2955,3567
274598284,4019,2869
274600068,1842,5171
274601884,6633,3026
274603704,2931,2798
274605520,1773,2851
274607340,1823,4320
274609164,2773,6628
274610972,2871,3026
274612944,4841,4478
274614616,1803,2230
274616428,2788,2266
274618244,2880,2828
274620064,2964,4313
274621880,1802,4326
274623700,2773,2934
274625560,4716,3723
274627336,2945,2057
274629152,1779,2042
274630972,3660,4254
274632788,2790,4357
274634604,2877,3705
274636500,7874,4464
274638276,1801,2980
274640060,2796,2832
274641876,2891,2911
274643704,2973,4422
274645548,1799,2983
274647332,1855,2175
274649148,4778,2959
274650964,5919,3789
274652784,1786,2307
274654600,2759,2817
274656420,2798,2880
274658236,2886,2936
274660132,2973,4432
274661872,1828,3817
274663692,2806,2089
274665508,2897,3553
274667344,6938,4307
274669144,1814,4595
274670960,1861,3019
274672780,2871,2089
274674596,2966,2823
274676416,1789,5024
274678232,2765,2943
274680048,2806,5326
274681876,2893,2916
274683688,3012,3679
274685540,1810,4467
274687324,2811,2071
274689140,2904,2111
274690988,2973,3543
274692776,1819,1965
274694592,2800,3348
274696412,2882,7584
274698316,2925,6865
274700048,1794,2109
274701864,2775,4326
274703684,6835,2950
274705500,2906,5187
274707320,1785,4569
274709136,1828,2111
274710952,2825,4343
274712772,2918,5143
274714624,2983,4415
274716408,1826,5305
274718224,2811,2198
274720152,2834,4471
274721888,2973,3783
274723680,3607,2860
274725496,2788,3696
274727488,6788,7452
274729132,2920,4439
274730984,2012,4485
274732768,5703,2077
274734584,2836,2105
274736404,2927,4254
u274738304,4944,4284
274740124,1803,2925
274741948,2769,5947
274743760,5707,5283
274745580,2948,2781
274747404,1778,2127
274749216,4612,2911
274751056,2777,3717
274752884,2862,2985
274754700,2978,2290
274756484,1812,4591
274758304,1865,5288
274760120,2889,2771
274761940,2973,2808
274763756,1808,2866
274765572,8351,2922
274767392,2862,3714
274769212,2952,3021
274771028,1784,2075
274772844,6438,3519
274774664,2796,3771
274776480,2891,2869
274778332,4976,3690
274780116,1816,3789
274781936,2811,2095
274783752,6761,2122
274785592,2973,2875
274787388,1814,3589
274789240,4622,5957
274791024,2873,4565
274792840,2964,2936
274794696,1778,4629
274796476,5539,2749
274798296,2811,2794
274800112,2900,2840
274801932,1781,2897
274803748,1832,2955
274805568,2819,4521
274807384,2916,2051
274809236,2983,2083
274811020,1828,6416
274812872,2788,3729
274814656,2889,2936
274816512,2955,2988
274818292,1798,2084
274820116,2775,2114
274821924,2821,2869
274823744,2911,5134
274825576,1784,3717
274827380,1834,2284
274829196,2834,2922
274831020,2922,2973
274832836,3012,3041
274834656,4960,3487
274836468,2813,5690
274838288,2906,2889
274840200,2929,3720
274841924,2715,2024
274843740,2783,2051
274845560,2823,2796
274847376,2918,4284
274849192,1790,2904
274851012,1834,2941
274852828,2834,2964
274854648,2929,3479
274856536,6944,5163
274858284,1840,2891
274860100,2819,2929
274861952,2882,4471
274863848,2929,3729
274865632,1780,6944
274867408,3695,2985
274869188,2834,2761
274871008,2931,2952
274872824,5384,5013
274874644,2761,2922
274876468,2838,2971
274878280,4901,3041
274880096,5891,4166
274881912,1840,4584
274883732,2832,2871
274885548,2916,5147
274887444,2973,3693
274889184,1815,3041
274891004,4674,3031
274892832,2845,4297
274894640,2950,2931
274896512,3568,3717
274898372,5910,2983
274900092,2853,4401
274901940,2934,2976
274903728,5690,5361
274905544,1845,2105
274907364,2840,2860
274909180,6835,2911
274911000,2633,4450
274912816,1820,4539
274914636,2813,4132
274916452,2856,4229
274918272,3930,3583
274920088,3623,2909
274921908,2781,2889
274923724,2864,4562
274925540,2966,4415
274927360,1798,2873
274929176,2781,2904
274930996,2853,3705
274932812,2938,3029
274934632,1764,2188
274936448,1830,2221
274938268,2825,4521
274940140,4964,2290
274941904,4936,4242
274943720,1818,3597
274945536,2796,3659
274947356,2877,3798
274949188,5938,5318
274950992,5686,2900
274952832,2779,3720
274954628,6684,2884

robotV3: Command not recognized.


robotV3 >> 274960860,18142,13851
274962852,4528,2875
274964668,6462,7329
274966516,2838,3720
274968304,2948,3798
274970120,2669,2084
274971940,1805,3537
274973756,2790,2862
274975576,2900,2920
274977460,2969,2952
274979216,2925,5322
274981028,3739,2117
274982844,2884,4267
274984664,2962,3628
274986484,5403,3714
274988372,6400,5195
274990116,2866,2175
274991936,2969,4425
274993788,2011,2990
274995572,3793,3454
274997388,2800,2819
274999204,2911,4293
275001056,4976,2911
275002844,1814,5933
275004660,2813,5296
275006484,4815,2061
275008296,2973,2114
275010112,1810,5021
275011932,2788,5809
275013748,2877,2962
275015568,2964,3033
275017384,1792,2811
275019200,2731,4367
275021020,2811,2889
275022840,2920,3685
275024656,5024,3036
275026524,3041,5361
275028292,4702,2219
275030108,2902,4525
275031940,2973,2891
275033744,5442,3524
275035564,2796,4313
275037396,4913,5195
275039296,4871,3711
275041016,1799,4580
275042892,6966,4108
275044652,2823,3717
275046468,2938,2893
275048288,5535,7376
275050128,1823,4464
275051924,2834,2966
275053740,4863,2821
275055656,2945,5933
275057376,6377,4404
275059220,2798,4464
275061012,2906,3605
275062864,2978,2922
275064684,1802,4569
275066464,5873,2773
275068284,2843,3508
275070100,2955,2864
275071920,3787,2920
275073748,2757,5947
275075556,6653,3033
275077372,4894,2083
275079232,2990,4207
275081008,3663,5733
275082884,2796,4460
275084740,6944,2943
275086460,3012,3058
275088280,1818,2114
275090096,2765,2866
275091916,2853,3659
275093768,2950,3723
275095560,1794,4573
275097368,1850,2197
275099196,6674,3720
275101004,2950,3053
275102824,1793,3094
275104640,1839,2853
275106456,2840,2904
275108276,2929,2000
275110092,1771,3851
275111912,5470,3444
275113728,2779,2755
275115548,2866,3608
275117376,6944,4377
275119184,1814,4277
275121000,2790,4543
275122820,6720,2103
275124636,2966,3583
275126452,2703,3642
275128272,2771,4429
275130088,4756,4532
275131908,4848,2198
275133724,1778,2900
275135544,5498,4547
275137360,2796,2083
275139248,4731,3714
275141028,6938,4303
275142812,1811,2950
275144668,2777,5283
275146448,5782,4120
275148284,5947,2089
275150084,1807,3532
275151908,2777,3667
275153720,2862,2959
275155572,2931,2992
275157356,4457,2305
275159208,2737,2980
275160992,2796,3589
275162808,2889,3676
275164700,4948,4425
275166444,1819,3038
275168272,2804,5850
275170100,2891,2976
275171928,2973,3036
275173716,1816,2098
275175532,2798,2838
275177352,6715,2897
275179172,2969,2948
275181024,1786,2978
275182808,1846,3051
275184624,2815,2095
275186440,2904,6392
275188260,1783,2877
275190076,1828,2806
275191972,4038,2957
275193712,2920,4222
275195564,6972,3532
275197348,1827,2142
275199164,2815,4370
275200992,6751,3717
275202872,2950,2988
275204620,1803,4370
275206436,2790,2966
275208256,2832,3786
275210072,8768,2773
275211892,1793,6348
275213708,3816,2882
275215528,4731,5344
275217432,4940,5868
275219160,1784,6102
275220980,1842,2882
275222796,2840,2823
275224616,2911,5036
275226468,2990,5795
275228252,5442,3717
275230068,2804,2290
275231884,2847,2111
275233704,2936,4290
275235524,1802,2902
275237340,4742,3708
275239160,2851,3798
275240984,4925,2202
275242792,3654,2964
275244612,1846,3774
275246428,2845,2084
275248248,2927,2830
275250064,1758,4330
275251944,5411,5075
275253760,2788,3810
275255580,4875,2030
275257396,4871,2745
275259216,1794,4350
275261032,3861,2864
275262852,2838,2916
275264668,2936,4436
275266488,2024,6033
275268304,1839,2095
275270124,6593,4284
275271940,2922,3630
275273800,2983,2916
275275612,1803,3732
275277396,5947,2178
275279212,2849,2952
275281028,2943,4536
275282848,3610,2078
275284664,2773,2929
275286496,3799,3717
275288300,6900,2938
275290152,1781,3711
275291936,1846,2057
275293756,5681,2091
275295572,2927,3820
275297388,1764,5051
275299208,3646,2952
275301060,5694,2988
275302840,3031,3820
275304660,2959,2813
275306476,4532,3594
275308296,4731,2948
275310148,2858,4467
275311932,7930,3051
275313748,1803,2204
275315604,2767,3723
275317384,6674,7364
275319204,5919,3508
275321020,1768,2851
275322836,6424,2911
275324656,2838,2966
275326472,2882,5292
275328300,2973,2058
275330108,4863,2109
275331928,2806,5013
275333744,5795,3845
275335596,6938,2936
275337380,1815,3029
275339200,2802,2116
275341016,2877,4267
275342836,6916,4346
275344652,1775,2943
275346468,2765,3688
275348288,6653,3625
275350104,2900,2205
275351992,2969,3690
275353740,3668,2077
275355560,5643,4908
275357376,2909,3564
275359228,3984,2880
275361012,1824,2959
275362872,2796,2992
275364648,2893,2853
275366480,2973,4550
275368284,4882,2146
275370100,2781,5095
275371920,2864,3679
275373772,2891,2983
275375556,3012,2081
275377372,1845,2127
275379192,2838,2880
275381008,3924,3656
275382844,2012,3717
275384664,3965,4558
275386460,6618,3688
275388292,2906,2232
275390132,2980,3019
275391916,1795,2094
275393732,2798,4267
275395552,6730,3630
275397368,2931,2952
275399188,1808,3848
275401004,3711,4120
275402824,2856,3474
275404640,6878,2830
275406460,1792,2902
275408276,4811,4429
275410100,4756,2976
275411912,2934,4584
275413728,1758,2121
275415600,4968,4172
275417364,2819,2938
275419192,3869,2969
275421000,2955,3041
275422816,1816,2204
275424672,5572,4471
275426452,2875,3817
275428292,6889,5423
275430088,1803,2135
275431940,6938,5147
275433724,2875,2964
275435584,2931,3741
275437360,5588,2075
275439180,2733,2109
275440996,2840,5720
275442816,4882,2909
275444672,2955,2976
275446448,3808,5322
275448268,4709,2804
275450084,4917,2838
275451940,2969,4316
275453756,4515,4525
275455536,2811,3031
275457356,2900,2190
275459196,2973,2957
275460992,1783,3789
275462808,2761,2900
275464628,2864,2836
275466444,2959,4326
275468304,2983,2925
275470116,5506,2985
275471900,2851,3411
275473716,2927,2091
c275475620,2969,2806
275477440,4532,7860
275479256,2788,3625
275481076,2875,2897
275482892,2957,3033
275484712,1778,3676
275486528,4562,3564
275488348,6633,3622
275490164,2936,2962
275492012,3031,4432
275493800,3671,5827
275495616,2832,2957
275497472,2845,6723
275499288,2976,2068
275501080,5422,2116
275502888,4626,5760
275504708,2900,2927
275506536,6944,5352
275508344,3903,4569
275510160,2755,2080
275511980,2862,4429
275513796,2957,2891
275515648,2983,5118
275517432,3695,3720
275519248,6653,4573
275521068,2925,2113
275522884,1783,3611
275524704,5498,4384
275526520,2832,2964
275528336,2922,6058
275530156,2920,2205
275532084,2637,6967
p275533892,1815,3720
275535696,4727,3041
275537512,2931,2091
275539340,4952,2834
275541148,1832,2902
275542968,2828,4411
275544820,2882,2980
275546636,2978,5322
275548420,1819,2775
275550280,2790,4457
275552056,2918,2900
275553928,4980,2918
275555712,1776,2973
275557520,2747,5208
275559328,2860,4919
275561188,2927,5947
275562996,2978,3693
275564780,1845,4443
275566608,2845,5279
275568416,2934,3826
275570232,5032,2976
275572128,5419,5966
275573872,3776,2771
275575688,2920,2116
275577540,4968,4990
275579324,3940,2922
275581144,2769,2973
275582960,2877,3041
275584776,6933,4160
275586664,2978,6638
275588412,1855,4360
275590232,2862,5122
275592068,2936,5204
275593864,1792,3783
275595684,3684,2788
275597500,2864,2845
275599320,2948,3848
275601136,3558,5187
275602956,1803,3012
275604772,3965,2904
275606588,4833,2223
275608440,2973,4521
275610224,1811,2307
275612044,1869,3529
275613864,4826,2877
275615680,3946,5134
275617528,1792,4464
275619316,3706,3043
u275621216,2823,4114
275623036,2911,3490
275624888,2973,3511
275626748,3571,4457
275628492,2765,2957
275630308,2873,5275
275632128,2964,3814
275633944,3014,3053
275635760,1851,3608
275637580,2856,2952
275639396,2931,3608
275641216,5353,3043
275643032,1836,2941
275644948,7955,2950
275646668,2929,2955
275648484,3014,2815
275650304,1798,4293
275652120,2783,1975
275653940,6746,2976
275655780,2973,3029
275657576,1806,3647
275659392,1864,2124
275661212,5747,5067
275663028,3937,3653
275664844,5395,4637
275666664,1857,2077
275668484,2819,4258
275670300,2952,2875
275672116,5353,2913
275673944,1808,3720
275675752,2804,2161
275677572,5822,2153
275679460,2969,5905
275681208,1818,5344
275683024,2813,2945
275684844,2897,2856
275686664,4956,5099
275688484,3612,3702
275690296,2790,3033
275692168,6938,2057
275693932,2964,3508
275695788,3561,4460
275697568,1818,2936
275699412,2802,4464
275701204,2927,3795
275703096,2980,2962
275704848,1824,3564
275706656,3819,2931
275708488,2904,3720
275710388,4925,2980
275712108,1818,2929
275713952,2794,4464
275715744,5782,2825
275717584,2973,4194
275719380,1803,3570
275721200,2743,6172
275723040,2819,2973
275724836,2945,4762
275726652,3810,5130
275728472,3679,2856
275730288,2851,3650
275732104,4890,5942
275733924,3012,2869
275735740,1831,3519
275737560,2825,2891
275739376,2916,4425
275741268,3977,2964
275743012,3628,2904
275744912,2721,6848
275746648,4749,1524
275748468,4940,4182
275750284,2011,4258
275752104,2969,3685
275753920,3822,4453
275755736,6895,5313
275757556,1797,3508
275759372,3762,2130
275761192,6648,5048
275763008,2945,5122
275764824,1776,2906
275766644,3657,2765
275768464,2786,4248
275770280,2873,2893
275772128,4956,3645
275773948,5597,3726
275775732,2796,2900
275777636,4745,7709
275779412,6889,2239
275781188,1810,2763
275783004,2788,2121
275784824,4781,2889
275786640,2969,5159
275788492,1781,5212
275790276,1843,3798
275792092,4792,3503
275793912,2897,4310
275795728,9043,3708
275797552,1820,2976
275799364,2813,6831
275801184,2906,4207
275803036,2976,6082
275804820,1820,3642
275806648,6529,7665
275808488,3974,4580
275810276,4956,2193
275812108,5399,2976
275813908,2777,2063
275815724,2830,3508
275817544,5822,4297
275819360,1788,4370
275821180,3790,2006
275823008,2823,3783
275824812,2927,2763
275826668,2990,4350
275828448,1831,2886
275830268,6574,2936
275832088,2900,6696

1818 us, min: 1736 us, max: 1904
36% used for 5ms loop time.


robotV3 >> 275840864,22255,17942
275842820,2788,3708
275844712,4913,2985
275846456,2945,3804
275848272,1793,3551
275850092,2767,4629
275851952,2830,3720
275853760,2911,4471
275855544,1755,4591
275857360,1808,2909
275859180,6574,2853
275860996,3915,5809
275862864,4940,5450
275864668,1806,2988
275866452,1869,2089
275868268,4818,2860
275870088,2964,5055
275871904,5403,2936
275873756,2763,3732
275875540,2866,2176
275877360,6862,3711
275879176,1764,2727
275880996,1814,2769
275882812,2828,2185
275884628,6814,2877
275886448,2964,2936
275888292,1815,3717
275890080,2817,2060
275891900,2889,2094
275893732,5947,3527
275895536,1811,5787
275897360,2796,3699
275899172,2882,5292
275900988,6916,2786
275902808,1771,2117
275904624,2753,3611
275906444,2843,2959
275908260,6851,3014
275910216,2906,6707
275911896,1835,2218
275913712,4727,3783
275915532,2904,4197
275917384,2978,2806
275919168,3641,3594
275921040,4964,2909
275922840,3840,2978
275924632,2973,3645
275926436,1784,4871
275928256,2751,2847
275930076,4760,3628
275931892,2962,4415
275933744,2978,2904
275935528,1843,2783
275937344,4742,2864
275939164,2920,4343
275940980,3014,2950
275942836,1816,3738
275944616,2828,2900
275946436,5827,3711
275948328,2955,3720
275950068,1790,2769
275951888,3930,2121
275953704,3834,2895
275955524,2964,5882
275957448,2955,4464
275959160,1851,3426
275960976,2858,5584
275962796,2934,4937
275964612,3573,3605
275966428,1838,2964
275968248,2843,3016
275970076,3900,4569
275971884,3012,4930
275973700,1801,2893
275975520,2777,4370
275977372,6689,6728
275979164,6938,4569
275980972,1801,4425
275982792,1858,3019
275984608,5733,2080
275986428,2945,4238
275988244,1792,4313
275990140,1816,3717
275991880,2851,4035
275993696,4905,2709
275995516,1778,3559
275997332,5769,2853
275999152,2790,2900
276000968,4837,2938
276002868,4909,3708
276004604,1811,2087
276006424,5613,4536
276008240,4803,4353
276010060,2957,3664
276011908,1790,2983
276013696,3703,2175
276015512,2864,3605
276017328,2957,3016
276019148,1786,3076
276020964,1812,2897
276022860,2765,5204
276024600,6804,2936
276026484,2973,4425
276028236,1819,2060
276030052,2815,2094
276031872,2897,5296
276033692,2973,2886
276035508,5422,2959
276037324,2794,4528
276039168,3816,3720
276040960,3958,3783
276042788,4445,5040
276044596,1819,2959
276046464,3728,3720
276048232,2927,3625
276050048,1775,2218
276051868,1826,3774
276053684,2828,2934
276055504,2911,3532
276057344,2973,3578
276059148,1812,2934
276060992,6500,2978
276062776,2889,2721
276064604,2973,2080
276066412,1799,2845
276068228,4633,5800
276070044,2830,5151
276071864,2941,2962
276073680,1783,3472
276075584,2709,4457
276077316,1895,3616
276079136,2925,4418
276081032,4925,3720
276082772,1824,4350
276084588,2817,5187
276086440,2882,2988
276088256,2978,3807
276090040,5422,2116
276091860,5502,4313
276093676,2838,4401
276095516,2941,2973
276097312,1789,3046
276099132,1840,3482
276100948,3802,4945
276102768,2936,3696
276104584,2929,2955
276106436,3639,4489
276108220,2823,3817
276110040,2911,2119
276111888,2988,2866
276113672,2719,4401
276115528,7309,6701
276117308,2851,3043
276119128,2962,4408
276121152,6862,4474
276122760,1853,3033
276124580,2862,2109
276126396,2948,3575
276128216,3033,3820
276130040,1838,5204
276131860,2830,3036
276133668,2925,2869
276135488,1766,2828
276137304,3639,5040
276139124,2771,4374
276140952,2851,4460
276142760,2971,2290
276144576,3881,7780
276146396,1851,2148
276148212,2873,2904
276150036,6889,4464
276151848,1798,3693
276153676,4602,5200
276155484,5699,3720
276157300,2943,5309
276159120,1776,2880
276160936,3654,4254
276162788,4960,3600
276164572,2869,3673
276166444,8865,2976
276168208,5919,3429
276170136,2733,6854
276171844,1920,2122
276173660,2966,2900
276175480,1803,5159
276177320,5530,5208
276179148,4731,2980
276180932,2950,3519
276182860,2980,5183
276184568,3665,4394
276186404,4917,3714
276188204,2884,3031
276190216,2886,5200
276191856,4636,2230
276193736,2761,5224
276195476,2897,4864
276197304,4956,2828
276199112,1812,5051
276200928,2790,4404
276202768,2858,4464
276204572,2959,3048
276206384,1789,3479
276208200,2767,2819
276210096,2769,6696
276211836,2900,2943
276213728,4964,5179
276215472,1824,3041
276217288,2823,2105
276219108,4856,2860
276220968,2976,2904
276222752,3639,4464
276224560,2806,3026
276226380,2889,2918
276228236,2973,3693
276230012,5407,2341
276231832,2800,2087
276233648,2832,4277
276235468,4867,2170
276237284,1795,5163
276239136,3819,3738
276240920,2840,3508
276242736,2934,2098
276244556,3533,3564
276246372,1835,5055
276248192,6588,3817
276250008,2909,3024
276251832,2973,4284
276253644,3625,3545
276255464,2802,2882
276257296,4952,4408
276259100,2938,3019
276260964,1788,7653
276262732,3808,3688
276264588,2836,4478
276266368,2952,2077
276268188,3581,2116
276270004,1846,4316
276271824,2838,2927
276273656,2916,2973
276275460,2011,3063
276277284,3636,3459
276279096,4695,2800
276280920,6900,2927
276282728,2971,2952
276284576,5411,2976
276286400,2773,2988
276288184,2873,2832
276290000,4948,2900
276291820,1802,3714
276293668,2767,3711
276295456,3808,3611
276297272,2941,2964
276299104,1759,2973
276300908,1830,3464
276302724,6613,4226
276304572,2858,4450
276306360,2971,2929
276308208,1811,5204
276309996,2804,4573
276311816,2886,2094
276313652,4956,3540
276315504,3987,3564
276317268,1864,3073
276319088,2869,3016
276320904,4929,4926
276322720,1771,3630
276324540,2759,2877
276326356,8529,4418
276328176,2886,3780
276330012,4956,3832
276331812,5486,2221
276333628,2815,4532
276335448,2909,2929
276337300,6955,2808
276339084,1820,5048
276340900,2823,5143
276342752,2869,2985
276344536,6938,2061
276346352,1783,3482
276348172,2773,3583
276349988,4767,2913
276351808,2904,3714
276353700,2959,4471
276355480,4568,2988
276357260,2830,3561
276359080,2916,3842
276360896,3556,5195
276362784,5859,4467
276364532,2830,3645
276366364,2897,3711
276368200,6949,3792
276369984,1794,4185
276371804,2792,3548
276373620,2880,2904
276375440,2927,2959
276377256,5415,3780
276379072,1851,2834
276380900,6938,2108
276382712,2936,3586
276384528,1798,5091
276386344,5681,2913
276388164,2849,3817
276389980,5854,2817
276391800,3014,3628
276393616,1805,3645
276395444,2806,4464
276397252,3869,5028
276399068,3031,2943
276400904,3612,2232
276402708,1861,3041
276404600,4796,4478
276406340,4921,2143
276408160,1795,4370
276410052,2735,3732
276411796,2860,2038
276413612,4898,4154
276415428,3615,4280
276417264,1806,3720
276419064,2823,2938
276420916,4822,7434
276422736,2938,3729
276424564,7320,5563
276426384,4636,2133
276428268,8921,3589
276430020,2938,2964
276431872,2014,3723
276433700,5673,7615
276435472,2856,4457
276437288,6825,2973
276439108,3014,4175
276440924,1806,2124
276442744,6559,3029
276444560,2900,3685
276446412,2943,3738
276448196,1814,3842
276450016,2796,2111
276451832,2875,2858
276453652,2955,2897
c276455584,2988,5067
276457384,1818,2976
276459188,2817,5331
276461008,7710,2808
276462836,2973,2838
276464652,1783,2904
276466484,3692,2973
276468280,2869,5318
276470108,4956,2934
276471960,2985,2218
276473732,1846,3810
276475548,4760,3619
276477368,2925,2851
276479184,5341,4353
276481048,3636,3720
276482820,5668,3031
276484640,6788,3696
276486492,2978,4185
276488276,1795,2875
276490092,3731,3667
276491912,4844,3720
276493748,2920,2976
276495544,1807,2811
276497364,3714,5040
276499180,2871,4387
276501012,2941,4460
276502816,1793,2305
276504748,2727,5952
276506488,4724,2988
276508272,6835,3817
276510088,1756,3535
276511916,5028,2858
276513724,3753,2920
276515552,6777,5204
276517360,2950,2036
276519176,1818,3472
276521004,6544,4949
p276522904,2836,4595
276524728,2913,2871
276526544,7085,5279
276528396,1816,3732
276530188,3759,3041
276531996,4837,3529
276533840,4956,2869
276535632,2971,5446
276537484,1846,2985
276539268,6704,2286
276541092,2925,4450
276542904,3033,3014
276544724,3711,2288
276546540,2845,4941
276548356,2934,2873
276550176,5357,2920
276551992,1840,2286
276553808,2845,2045
276555628,4871,3521
276557448,5020,2851
276559264,3031,2902
276561084,2804,2938
276562936,4785,4478
276564720,2938,2089
276566536,1811,5322
276568388,4980,3600
276570172,2862,2936
276572024,2931,3732
276573804,4493,2180
276575624,2777,3795
276577440,3958,4562
276579260,2941,3467
276581076,1760,2858
276582896,2719,5827
276584712,5651,2945
276586568,2891,4467
u276588432,5827,3016
276590288,5971,2052
276592072,1842,3487
276593888,2834,2853
276595708,2936,2920
276597528,4692,3720
276599344,1831,3777
276601184,2819,2976
276602980,4833,2851
276604832,6944,2902
276606616,1794,4457
276608432,2796,4539
276610248,2884,2192
276612080,2922,3720
276613884,5411,3820
276615704,1853,2798
276617520,2862,2845
276619336,6862,2909
276621156,1789,2966
276622976,3878,5331
276624792,2849,2066
276626608,2929,2819
276628552,5971,3508
276630244,1807,5099
276632064,2813,2973
276633880,2904,2290
276635700,2950,2114
276637516,8169,4303
276639336,6539,3647
276641164,2866,2976
276642968,3949,3810
276644788,5407,4411
276646624,4626,2232
276648424,2871,4569
276650240,2950,2105
276652068,3636,4990
276653876,1820,2916
276655696,2834,2966
276657512,2929,3026
276659336,2973,4151
276661148,3714,4919
276662964,4709,4422
276664856,6944,2900
276666668,4913,2971
276668428,1812,3036
276670236,4695,2836
276672056,2893,2875
276673872,2971,4536
276675724,3536,6691
276677508,1831,3036
276679328,2851,3667
276681180,5854,2980
276683040,2952,2973
276684780,1840,3516
276686600,2840,2864
276688492,2871,3711
276690264,2990,3333
276692052,1826,3043
276693868,2821,3575
276695688,2909,2836
276697528,2973,4313
276699320,1788,3662
276701168,2745,2976
276702956,2869,2775
276704832,5966,2808
276706628,2990,2864
276708412,1850,2922
276710260,2838,4460
276712072,2918,3717
276713864,1788,3699
276715720,5474,2985
276717500,2840,2071
276719320,4882,2950
276721168,6977,4274
276722952,1797,2931
276724796,2781,4453
276726588,6735,2290
276728420,2973,4169
276730224,2705,2783
276732044,1861,2882
276733860,2873,2952
276735712,3912,5985
276737496,1797,2301
276739312,2771,3043
276741140,2853,3591
276742948,5919,3676
276744844,4976,3699
276746584,1808,2170
276748404,2794,2211
276750256,2886,3738
276752072,6955,4172
276753856,1814,2114
276755676,2808,2866
276757492,2891,2931
276759340,7874,5204
276761128,1810,3817
276762948,2790,2080
276764764,2877,4971
276766580,2966,3616
276768400,2693,2934
276770216,2733,2918
276772036,2813,2769
276773860,2920,4460
276775672,1773,4330
276777488,1824,3670
276779340,2808,5216
276781124,2909,2891
276782968,5947,3679
276784796,1810,2980
276786576,2804,2761
276788396,2893,2111
276790236,4956,2858
276792032,1803,2925
276793852,2745,2973
276795668,2830,2046
276797484,2948,3472
276799304,3623,4930
276801120,1835,2783
276802940,2843,2941
276804788,4848,4471
276806608,2985,4528
276808392,5482,2111
276810208,2819,2873
276812028,2922,5151
276813916,4940,2945
276815664,1814,4543
276817532,6938,2895
276819328,2834,2230
276821116,8900,4123
276822932,3706,2798
276824784,2755,4606
276826568,1911,2178
276828388,2948,5195
276830204,2030,3026
276832024,5518,2858
276833840,5787,2114
276835660,2834,4290
276837476,5060,5279
276839292,1828,2957
276841112,4660,3031
276842928,2873,2098
276844772,2973,2828
276846564,1810,5040

1817 us, min: 1748 us, max: 1888
36% used for 5ms loop time.


robotV3 >> 276855308,18819,17321
276857300,2959,2851
276859116,1775,4357
276860940,2759,3702
276862788,2832,5980
276864568,2900,2066
276866420,2973,2094
276868204,1835,5677
276870060,2802,3723
276871840,2909,2969
276873756,4913,4453
276875476,1823,2087
276877336,2798,5212
276879112,2900,3602
276880940,2973,6077
276882764,1779,4460
276884568,2777,3038
276886384,6684,2934
276888232,2891,4606
276890052,2988,3774
276891836,5526,4532
276893656,2834,2140
276895544,5764,3714
276897292,1784,2952
276899192,3933,3714
276900928,2832,2851
276902744,3900,2105
276904596,2978,2836
276906380,1793,3614
276908196,2796,2873
276910016,2882,4528
276911832,4882,2798
276913652,1810,4934
276915468,5559,2873
276917284,2856,3676
276919140,2920,3789
276920920,5097,4622
276922740,1845,3711
276924592,2832,5966
276926376,2929,2068
276928196,2011,4320
276930012,1806,2864
276931828,2815,2916
276933668,2889,4453
276935464,5882,3041
276937284,1814,2761
276939100,2815,4960
276940928,6906,5051
276942736,2962,2943
276944572,1795,3717
276946404,6638,3726
276948188,2875,2815
276950012,2952,4460
276951824,1759,4408
276953668,2721,5204
276955460,2838,2886
276957280,4879,2948
276959104,2973,4618
276960916,3657,2761
276962732,2825,2808
276964548,4909,2875
276966392,4956,2918
276968220,1805,4460
276970024,4956,3038
276971820,2897,2092
276973644,5947,3553
276975456,3654,3605
276977276,2751,2828
276979092,2858,3786
276980908,4917,2102
276982764,2976,3527
276984544,3695,2902
276986364,2840,5208
276988180,2916,3832
276990032,2985,2931
276991852,1815,2983
276993632,2821,2765
276995452,2911,2952
276997268,3958,2900
276999088,3620,4450
277000996,2721,5200
277002724,2875,2078
277004544,4948,3540
277006368,3014,3586
277008176,5563,3771
277009996,2860,3021
277011812,2934,4207
277013632,1788,2838
277015448,1839,3036
277017268,2838,2952
277019160,2889,3720
277020904,3012,5195
277022728,1795,2221
277024536,2783,3789
277026356,2897,2084
277028204,2973,2821
277029992,1810,2897
277031808,1869,5163
277033660,2864,2990
277035444,2959,4132
277037260,1802,3487
277039080,6486,3556
277040896,2864,2920
277042720,2952,5204
277044532,2025,3016
277046368,1807,5204
277048168,2804,3564
277049988,6804,2936
277051896,2969,3688
277053624,1820,3021
277055440,3762,3647
277057264,6767,4595
277059088,2973,3046
277060900,1811,5428
277062712,1865,2836
277064528,2889,3696
277066368,3965,2955
277068164,1798,4536
277069984,1826,3597
277071800,2843,2825
277073620,2936,4316
277075476,7028,2897
277077256,1832,2845
277079076,2838,2759
277080888,6825,4460
277082740,2985,4290
277084524,1827,3659
277086372,6544,4460
277088160,2911,4429
277090012,2983,3664
277091832,3620,2978
277093616,2771,3444
277095440,2840,2105
277097252,4929,2866
277099068,1793,4374
277100888,2765,3714
277102704,3810,3038
277104520,4905,3472
277106340,1790,4457
277108164,1834,4464
277109976,6613,2938
277111836,2904,5208
277113612,1769,3804
277115428,3644,4525
277117244,2773,3580
277119064,2860,4387
277120924,2952,2973
277122700,3665,4543
277124516,2783,2925
277126360,2860,2976
277128152,2959,2058
277129972,1801,2092
277131788,1847,2843
277133608,2853,2900
277135428,2945,4450
277137240,1780,3024
277139060,1840,2060
277140876,2794,2109
277142696,2882,3578
277144548,3971,2880
277146332,3723,3807
277148148,2804,3036
277149968,5787,4200
277151804,2969,3545
277153604,1811,2891
277155420,2790,2955
277157240,2869,3789
277159088,2950,5410
277160872,3584,2218
277162728,4582,3738
277164564,6949,3807
277166328,2900,2116
277168152,3014,2877
277169964,1824,1970
277171780,2821,5339
277173696,6674,6038
277175516,4909,6087
277177332,1792,2075
277179148,1838,4261
277180968,4727,5055
277182784,2925,4330
277184672,2980,4429
277186420,1823,4151
277188240,6772,4251
277190056,2866,3608
277191888,2973,5087
277193708,1799,4460
277195508,2790,2135
277197328,2880,3688
277199180,2945,4471
277200964,1802,2301
277202780,2775,2860
277204600,2875,3572
277206416,2936,2918
277208236,3566,3711
277210052,2755,3041
277211868,2796,2081
277213764,2845,4471
277215540,2985,4277
277217324,1819,2938
277219176,2794,4471
277220960,2918,4565
277222812,2978,2092
277224596,1823,2866
277226412,5597,2941
277228260,2864,2976
277230168,5809,5947
277231864,1795,2204
277233728,2751,2978
277235500,2817,3572
277237320,2909,2106
277239136,4818,2860
277240956,1832,2922
277242788,2823,2973
277244592,2936,5339
277246408,2011,2916
277248224,1832,2834
277250044,2819,5059
277251860,2906,4401
277253716,2976,2934
277255496,2711,2771
277257316,6515,5868
277259132,2836,2889
277260952,2927,5900
277262804,3571,2983
277264588,1845,2897
277266404,2851,2966
277268256,2927,2990
277270040,1789,3839
277271860,1840,2117
277273676,2834,2880
277275492,2920,5882
277277384,2973,2950
277279128,4545,2060
277280948,2808,4886
277282764,2856,3540
277284580,2948,2891
277286400,1807,2969
277288220,4837,4528
277290036,2866,3033
277291852,2966,3545
277293672,1801,2900
277295524,2765,4471
277297308,2858,5288
277299124,6878,2176
277300944,1766,2219
277302760,1834,3029
277304580,4724,3477
277306404,2875,3545
277308216,2971,2886
277310032,1823,5313
277311884,2788,2985
277313668,2889,2055
277315516,4956,2083
277317304,1814,2864
277319120,2804,2918
277320940,2880,4432
277322764,2964,5288
277324572,1780,4204
277326392,2769,4603
277328212,2856,3645
277330052,4952,3673
277331920,2955,2978
277333664,1839,2192
277335480,2825,2906
277337300,2913,5318
277339116,3016,2091
277340936,1826,2871
277342752,5651,5075
277344572,2900,2957
277346464,2948,2969
277348204,1794,2074
277350024,2792,2815
277351840,2884,4280
277353660,2929,2911
277355492,2012,2973
277357296,4720,6092
277359112,2851,2813
277360932,2941,2845
277362748,1789,3642
277364584,1836,4460
277366384,2849,3801
277368204,2925,2209
277370068,2988,3696
277371836,1806,3056
277373656,2813,2097
277375472,2902,5707
277377292,2948,2906
277379116,3625,2969
277380928,1865,4554
277382820,2828,3726
277384564,2959,2911
277386380,1799,2882
277388200,4626,5147
277390032,2856,2973
277391832,6878,3807
277393652,1760,2113
277395504,1803,4453
277397288,4709,4404
277399132,2902,3717
277400924,2962,4326
277402740,1824,2211
277404556,2815,6043
277406376,2886,2071
277408200,2973,2106
277410012,1810,2875
277411832,3725,5126
277413680,2864,2980
277415464,2962,4580
277417284,1771,4182
277419100,2737,4979
277420916,2843,2884
277422736,4890,2957
277424564,2976,3019
277426372,1834,4391
277428188,3776,4277
277430008,2906,5055
277431860,2978,4401
277433644,1819,4554
277435460,2815,6950
277437280,2902,2219
277439104,2973,3016
277440916,1783,3474
277442732,2751,4539
277444552,2858,3614
277446368,2962,3679
277448220,2978,2011
277450004,2767,3842
277451820,3796,3485
277453640,2922,3679
277455456,3014,2918
277457300,4956,2955
277459128,2813,5233
277460940,2902,2976
277462760,2983,2834
277464552,3965,3647
277466404,2751,5208
277468224,2860,2983
277470004,3965,3636
277471824,1801,2230
277473636,2788,4565
277475452,2869,4893
277477272,2948,3551
277479200,2976,3693
277480904,3695,2957
277482724,2858,6038
277484544,2948,2860
277486360,1783,2114
277488176,5845,2871
277489996,2798,3636
277491812,2909,4554
277493664,2983,5309
277495448,1815,4333
277497264,2813,2873
277499084,4818,2913
277500940,2948,4453
277502720,1807,2158
277504540,4646,2205
277506388,2860,2973
277508172,2971,2290
277509992,1794,2806
277511808,4882,4284
277513628,2819,2916
277515444,2931,2969
277517264,3594,3048
277519080,1828,4163
277520900,4713,4216
277522716,5827,4432
277524548,2973,2934
277526388,1811,6712
277528168,5617,5335
277529988,4860,3513
277531836,2973,2856
277533624,1806,5352
277535476,1820,2978
277537260,2843,5339
277539076,2964,2945
277540936,1775,2985
277542712,1845,4179
277544528,6653,2815
277546348,2934,4986
277548164,2969,2931
277550008,3646,2973
277551800,2823,2719
277553620,2916,2862
277555436,3012,2838
277557260,1815,3616
277559072,2767,2936
277560920,2840,2976
277562708,6938,2080
277564524,1803,4391
277566344,2781,3622
277568160,6710,2941
277570012,2941,2988
277571796,1806,3861
277573616,6457,3711
277575468,2832,2242
277577284,4956,3053
277579068,1776,2121
277580884,1830,5044
277582704,2788,5886
277584556,2858,4460
277586372,2973,3036
277588156,1812,2098
277589976,2798,4960
277591792,4822,2811
277593636,2971,2955
277595428,3930,3024
277597248,3714,4908
277599064,2869,2129
277600880,2959,4350
277602700,3576,2971
277604592,2725,5220
277606336,2804,2178
277608152,2897,2223
277610068,6895,2976
277611788,1824,2089
277613608,2815,4261
277615424,2913,4336
277617276,4968,3021
277619112,1806,3726
277620876,1871,2957
277622696,6735,2858
277624528,2973,2860
277626332,1798,2920
277628148,2781,3702
277629976,2819,4443
277631784,2916,3508
277633604,4879,3589
277635472,3965,5087
277637240,2834,2957
277639056,2936,3789
277640872,5832,2204
277642692,1835,2902
277644508,2828,3048
277646328,2911,4893
277648184,2988,3693
277649964,3628,5813
277651780,4674,2969
277653676,2808,4478
277655416,2938,2081
277657236,3607,4235
277659052,4833,2860
277660868,2858,2877
277662792,4980,3673
277664504,5822,4603
277666324,1860,5013
277668140,4745,2866
277669960,6868,3656
277671852,2985,3696
277673596,3649,3696
277675412,4702,2943
277677328,4956,2943
277679048,4936,2875
277680868,4538,3511
277682684,2790,6450
277684500,2877,3650
277686364,2948,5195
277688136,1805,2290
277689956,2790,5179
277691772,2866,3535
277693592,2950,5067
277695408,1781,5171
277697260,3657,3726
277699044,2845,3038
277700912,4956,2802
277702708,4948,5103
277704496,1831,2950
277706352,2794,2980
277708132,2918,2900
277709984,2980,2943
277711768,3646,3792
277713588,2811,1384
277715404,6735,2819
277717224,2973,2882
277719048,1780,2936
277720892,2759,4474
277722676,2866,4952
277724492,2911,2095
277726344,3984,3543
277728128,4602,5778
277729944,2836,2906
277731764,2922,3783
277733584,5334,2095
277735400,1831,3553
277737220,2832,4330
277739036,6782,3690
277740928,2955,3735
277742700,1786,4460
277744488,2798,2219
277746308,2886,3774
277748180,4972,2068
277749940,1807,2127
277751760,1858,5067
277753580,2858,1966
277755396,2950,2024
277757212,1794,4126
277759032,2771,2092
277760848,2860,2843
277762668,4894,4377
277764484,1756,5947
277766304,1810,3014
277768120,2821,2092
277769936,2911,2853
277771756,2971,6077
277773576,1822,5171
277775432,6510,2985
277777212,2884,2183
277779068,2952,5204
277780844,5434,2741
277782664,2811,4191
277784480,2884,4264
277786300,2962,2897
277788116,1773,5171
277789932,2741,3019
277791760,2847,2880
277793568,6857,2116
277795408,2976,5001
277797204,1840,2862
277799024,4724,3717
277800840,5822,3046
277802692,6966,3625
277804476,2936,2873
277806296,2821,4357
277808112,2911,2971
277810036,5896,4453
277811748,1788,2202
277813588,2751,2973
277815384,2871,5331
277817200,4944,2125
277819020,3014,5130
277820836,1854,2906
277822728,5947,3647
277824472,2936,3031
277826296,5360,2074
e277828192,1811,2072
277830012,2802,2767
277831832,2900,3605
277833648,2966,3682
277835488,5742,4460
277837284,2747,3029
277839104,2849,2817
277840928,2943,3602
277842768,2973,3653
277844580,1831,3717
277846372,2836,2886
277848192,2913,2948
277850084,4932,3729
277851828,1824,2071
277853644,2828,2811
277855464,2911,3842
277857324,5947,2906
277859132,5668,5212
277860916,2769,3053
277862736,2877,2091
277864552,2969,4979
277866368,1798,6876
277868188,5567,2943
277870004,4774,3026
277871824,2938,2089
277873640,1792,2843
277875460,1842,3611
277877276,3810,2955
277879124,2922,3720
277880912,1779,3647
277882728,2703,2221
277884548,2794,3021
277886364,2904,2089
277888216,5966,2819
277890000,1815,3619
277891820,5622,2948
277893672,2873,2980
277895456,2969,4126
277897272,1806,2092
277899092,2788,2843
277900908,4695,2918
277902752,2952,5204
277904544,1793,3016
277906360,1819,2790
277908180,2817,2138
277909996,2891,5365
277911816,1778,3714
277913668,1819,2990
277915452,2836,2185
277917276,5822,2976
277919120,2978,3026
277920904,1824,2796
277922720,2815,4264
277924540,2900,2955
277926388,6955,4425
277928176,5430,3016
277930000,2759,2058
277931812,2840,2113
277933628,2955,2869
277935444,1792,3636
277937288,3671,3720
277939084,2856,3043
277940900,5877,4443
277942716,2684,3586
277944536,1835,2904
277946352,6613,2971
277948172,4867,2288
277949988,2011,2204
277951824,3625,3720
277953624,2771,3066
277955440,3834,2895
277957264,6933,6617
277959076,3921,2909
277960896,1854,2962
277962712,2877,3033
277964532,6911,2075
277966348,1802,3096
277968168,2775,2866
277969984,6664,2936
277971836,2934,5216
277973620,1783,3798
277975436,5506,2105
277977256,2796,2866
277979072,2884,2938
277980960,4952,2950
277982708,1818,3046
277984528,2806,4415
277986380,4803,2980
277988188,4956,4182
277989980,1816,2106
s277991884,2755,2813
277993704,3776,2875
277995528,2920,2941
277997416,2973,2955
277999156,3657,2290
278000972,2773,4188
278002792,3813,4264
278004612,4956,2882
278006428,1794,3676
278008244,2783,3021
278010064,2875,3619
278011880,2962,2129
278013696,1803,2886
278015516,2777,5163
278017336,2862,3024
278019152,2950,3645
278020972,1793,2216
278022788,2759,3016
278024604,2804,2083
278026424,4818,2830
278028276,2990,4303
278030060,1820,3670
278031948,2775,3714
278033696,7751,4120
278035548,2976,2074
278037332,1819,2832
278039148,5601,2913
278040964,2886,5195
278042828,2952,4474
278044604,5395,2087
278046420,2783,2847
278048260,4818,6122
278050056,2918,2969
278051912,7033,2980
278053692,3822,2180
278055508,2838,2228
278057360,5822,2980
278059144,1783,5576
278060960,1834,2925
278062780,6583,4333
278064596,4844,5163
278066548,4964,2943
278068240,3617,2051
278070048,2804,2119
278071868,4913,5009
278073688,2936,2900
278075504,1803,2959
278077320,2773,3036
278079140,2858,4422
278080956,2957,4307
278082776,2692,2891
278084592,2771,2962
278086412,2840,3036
278088228,4905,2193
278090044,1759,3720
278091884,3654,5292
278093684,2821,2087
278095500,2866,4967
278097320,2962,5071
278099136,1818,2948
278100952,2796,3019
278102772,2882,4136
278104640,2952,3717
278106408,1810,2853
278108224,2796,2925
278110060,2860,5208
278111860,2957,3026
278113676,1783,3048
278115496,1839,2856
278117316,2843,2927
278119140,2900,4460
278120972,2973,3019
278122768,1830,3659
278124616,2804,3717
278126404,2904,2290
278128252,2988,2783
278130040,1823,2851
278131856,2817,2918
278133680,2895,5204
278135508,6938,3792
278137312,1785,3454
278139128,2781,4952
278140952,4778,3608
278142764,2916,5143
278144580,3016,2902
278146400,1854,2074
278148216,2847,3645
278150032,2934,4326
278151852,1785,2934
278153704,5822,5216
278155488,2845,3854
278157304,3900,3909
278159200,2980,2221
278160940,1805,3451
278162760,2808,2121
278164576,4833,2877
278166396,2957,3673
278168236,1805,3826
278170032,1862,3051
278171848,2871,2094
278173668,2959,3535
278175484,1801,2884
278177300,2783,4457
278179120,2871,3019
278180936,2952,3485
278182756,1765,2124
278184572,1820,3619
278186392,2832,4599
278188320,2862,6685
278190028,2973,2292
278191844,5482,2218
278193660,2821,3024
278195480,2893,3472
278197352,2952,3720
278199120,1812,4460
278200948,2796,5208
278202828,2851,3720
278204572,2973,2048
278206388,1776,3597
278208204,2751,2858
278210024,2856,2909
278211840,2969,2950
278213700,2973,4554
278215476,1842,2095
278217292,2843,5013
278219112,2916,3702
278220964,4980,2929
278222748,1827,3774
278224656,4829,5326
278226380,4856,2165
278228232,2976,3771
278230028,1785,3479
278231836,2769,3685
278233652,2877,5079
278235480,2973,5910
278237288,2025,3774
278239108,1857,2078
278240924,2866,2823
278242744,2941,5288
278244560,1792,4622
278246420,1827,2980
278248196,4720,3487
278250016,2936,4994
278251832,5330,2889
278253648,1802,4446
278255468,2788,3804
278257284,2900,2207
278259180,2952,3720
278260920,1811,3842
278262740,1871,2843
278264556,2906,5778
278266376,2966,3685
278268228,1792,3735
278270008,1855,2074
278271828,2869,4930
278273644,2959,2860
278275464,1786,2834
278277316,1805,3726
278279100,2806,2897
278280916,2920,2121
278282736,2011,2869
278284552,1823,5130
278286376,2823,3708
278288188,6798,2171
278290028,2973,4394
278291860,1806,4467
278293640,2806,2072
278295460,2897,2113
278297300,2971,4998
278299096,1811,4380
278300912,2747,2014
278302740,2823,3046
278304548,2948,2080
278306364,1784,4843
278308184,1836,2900
278310004,2849,3696
278311856,2909,3723
278313640,3012,2950
278315456,1830,3543
278317276,2823,2900
278319092,2916,2950
278320984,5947,5171
278322724,1822,2902
278324544,2765,2964
278326360,4752,3789
278328180,2966,4163
278330000,3955,4238
278331816,2773,3711
278333632,2864,5163
278335452,2948,3019
278337268,1795,3839
278339088,1842,3511
278340904,2845,3589
278342724,2934,3630
278344540,1774,2971
278346360,1826,3051
278348176,4898,4439
278349992,2882,2148
278351832,2973,3817
278353628,1807,2973
278355496,2765,3720
278357264,2884,3679
278359120,2948,3711
278360900,1806,3810
278362716,2779,2891
278364536,2869,4990
278366356,2952,2913
278368172,1785,3699
278369988,2761,3024
278371808,2804,3456
278373628,2891,2792
278375492,2980,4411



robotV3 >> stop
Stop


robotV3 >>
