
robotV3: Command not recognized.


robotV3 >>
robotV3: Command not recognized.


robotV3 >> s
robotV3: Command not recognized.


robotV3 >> sm 100 100
Motor Vectors: [100, 100]


robotV3 >> bs


robotV3 >> 28954164,949,0
28955304,1940,3472
28956660,1950,3570
28958000,2927,2100
28959372,4875,2214
28960616,1947,2277
28961912,1962,2284
28963356,1901,5305
28964716,1899,2877
28966120,4886,2143
28967412,1878,2193
28968696,1886,2102
28970196,5490,3041
28971928,2877,3664
28973660,1780,2936
28975392,3709,3804
28977124,2875,3567
28978852,5411,5163
28980584,1886,3625
28982352,2938,2988
28984048,4575,2802
28985780,2875,5091
28987508,3036,4525
28989240,5567,2109
28990972,2929,3639
28992780,4968,2959
28994436,1896,2121
28996164,2973,2938
28997896,3679,2161
28999664,6674,2983
29001360,1753,2092
29003092,1836,3608
29004864,2891,2983
29006552,1798,2095
29008284,2825,2877
29010052,2952,4460
29011748,1834,4222
29013476,3855,2936
29015212,5334,3807
29016940,1835,3708
29018672,2893,2077
29020404,1806,2160
29022156,5597,2976
29023868,2966,2071
29025596,3668,5017
29027384,4913,5200
29029060,3563,2813
29030792,3717,2906
29032620,4956,2943
29034256,1805,2211
29035984,4956,2072
29037716,2962,2145
29039448,1832,2973
29041180,2880,3434
29042908,4905,2145
29044640,1857,3711
29046372,6830,4879
29048104,1802,2151
29049852,1888,5204
29051576,2971,2929
29053296,1842,2060
29055028,2884,2138
29056760,3641,4422
29058492,1840,2055
29060220,6814,2133
29061952,3703,3662
29063696,2823,4603
29065424,2973,2140
29067160,1835,2973
29068880,4829,2955
29070764,6878,6685
29072340,1840,2117
29074072,2897,3810
29075804,1810,3036
29077540,2830,4207
29079268,4956,4591
29080996,3681,3043
29082728,2897,2142
29084460,4448,2955
29086192,1864,3639
29087956,4789,2237
29089652,4528,2893
29091384,4867,3702
29093116,4948,4528
29094848,1836,2095
29096576,2889,4377
29098308,4886,5292
29100048,3720,2122
29101772,2950,4397
29103504,1806,3061
29105264,4724,2976
29106992,4956,2853
29108696,3695,2893
29110464,2877,4467
29112160,1764,2098
29113892,2773,2895
29115644,6819,2976
29117356,1807,2108
29119084,2843,2920
29120848,6938,3792
29122572,4595,2971
29124280,2904,2081
29126008,1793,4310
29127764,1839,2976
29129472,2909,2081
29131204,1816,2862
29132980,4956,4360
29134696,4952,3487
29136396,4619,2918
29138204,3849,4453
29139860,1790,2212
29141592,2815,3446
29143324,2904,4580
29145052,3646,2973
29146784,2862,2060
29148544,2973,4964
29150248,1849,2969
29151980,6782,2804
29153752,6938,3594
29155456,1868,2976
29157172,6889,2934
29158904,1816,2092
29160636,4879,2138
29162400,4976,4411
29164096,1860,3421
29165828,3915,2135
29167560,3612,4432
29169292,2802,7615
29171024,6889,2142
29172760,1816,4450
29174484,4770,3653
29176216,7033,3038
29177948,1857,3543
29179680,2922,4415
29181408,2695,2046
29183140,4803,3537
29184872,4886,3642
29186604,1835,3019
29188336,4909,3551
29190100,6966,4415
29191796,3717,2180
29193628,4882,3714
29195260,1799,2105
29196992,6608,2906
29198724,2733,4648
29200452,4585,2094
29202220,2875,4464
29203992,2964,2985
29205648,4650,2129
29207380,5845,2943
29209108,1783,5322
29210852,2819,3720
29212572,4948,2089
29214304,1827,5891
29216068,6679,2980
29217764,1784,3490
29219496,1869,2171
29221264,5822,5216
29222960,1794,2111
29224692,2808,4367
29226428,4956,4536
29228200,3937,2230
29229884,5764,4945
29231616,3568,2873
29233352,1871,4460
29235080,5896,2084
29236808,3623,2875
29238544,4940,2934
29240272,2948,4890
29242004,1842,2900
29243736,9079,3048
29245472,1786,2962
29247196,1874,2071
29248928,2950,2140
29250660,3628,2971
29252392,2856,2071
29254124,2955,2845
29255852,1853,3711
29257584,2909,2783
29259316,4506,4614
29261084,7473,2980
29262776,2962,2200
29264512,1803,5326
29266280,2849,4460
29268016,4968,2927
29269704,1847,2048
29271436,2913,5171
29273164,1803,5163
29274896,2832,4330
29276628,4940,2158
29278360,1802,3702
29280092,2836,2185
29281900,4936,2985
29283552,1853,2124
29285284,2916,2941
29287016,4512,3043
29288748,4829,4242
29290504,2969,5110
29292208,4585,3786
29293940,2858,2130
29295696,2973,2938
29297404,1862,2178
29299136,5832,3019
29300868,1806,3016
29302600,1891,5095
29304344,7936,3014
29306060,1832,4219
29307792,2884,2904
29309576,2955,2980
29311252,1869,2122
29312984,2936,2957
29314716,3636,2290
29316476,2834,2976
29318212,2973,3467
29319908,1822,2955
29321720,11520,5957
29323480,2973,3817
29325192,1836,2862
29326924,6761,2957
29328652,1790,6137
29330384,1875,2155
29332116,3921,5942
29333844,1790,2190
29335584,2811,3789
29337324,9912,4245
29339040,1836,2931
29340772,2886,3038
29342504,1789,2125
29344236,2779,5130
29345964,4925,3029
29347696,1816,2135
29349428,2813,5175
29351160,2957,3829
29352892,1845,3783
29354624,4905,2106
29356352,1790,2911
29358092,1869,3026
29359816,2948,4219
29361548,1810,2900
29363312,2832,4482
29365008,2948,4258
29366740,3690,3714
29368472,4829,2918
29370228,2012,2232
29371932,1874,2095
29373664,2950,2904
29375396,1799,3014
29377128,1901,2087
29378892,2980,4307
29380676,2978,5179
29382320,3958,2847
29384052,1799,5859
29385784,2828,3024
29387520,2952,2973
29389248,1797,4175
29390976,4713,2886
29392784,2955,2976
29394440,1845,5841
29396172,2904,2882
29397956,2952,2973
29399636,3785,5001
29401368,2973,2897
29403132,1816,2990
29404828,2832,2221
29406580,5942,4139
29408292,5580,2153
29410024,2916,4453
29411752,2796,2074
29413484,4727,3586
29415232,2973,3685
29416948,1830,2290
29418680,4796,3625
29420504,2929,3714
29422140,4664,3688
29423872,2931,2290
29425600,1816,2936
29427332,6638,4436
29429084,2976,5339
29430804,1816,2119
29432528,4811,2936
29434260,1783,5374
29436064,2011,4457
29437732,3921,2976
29439452,1820,3699
29441184,2862,5296
29442948,5957,2106
29444644,3695,5947
29446376,2864,3043
29448108,1790,3630
29449844,3952,2934
29451572,4898,3046
29453300,4552,2142
29455036,2858,5163
29456800,2988,5339
29458532,3665,2244
29460228,4844,2794
29461960,3012,3639
29463688,1876,3021
29465420,2941,4930
29467152,1820,5103
29468920,2840,2988
29470648,4980,4216
29472344,1845,2941
29474076,5813,2889
29475892,2955,2976
29477540,1878,2097
29479272,2950,4340
29481036,3014,2992
29482744,5947,2094
29484500,4964,2880
29486232,1814,5212
29487928,2897,2114
29489660,7119,3676
29491392,4678,7665
29493132,2952,2230
29494856,5947,3467
29496584,2873,2893
29498420,4909,2966
29500044,3958,5067
29501776,2889,5024
29503540,8103,5200
29505240,3840,2819
29506976,4944,4418
29508736,5442,2983
29510432,2873,3693
29512164,1768,2305
29513896,3703,4300
29515636,2869,2973
29517360,1801,3439
29519092,3767,4293
29520828,2955,3720
29522552,5502,4879
29524284,2895,4316
29526096,2980,2945
29527744,1857,4415
29529480,4875,2063
29531208,1802,3031
29532940,1892,3688
29534676,6944,4120
29536404,1839,4277
29538132,4807,3670
29539864,1761,4580
29541596,1842,2148
29543352,4852,3807
29545060,3679,2195
29546792,4756,4554
29548592,2964,2945
29550284,3636,3717
29551984,4841,3810
29553716,1786,5401
29555444,1845,5410
29557180,2906,2288
29558908,5450,2145
29560640,2843,2959
29562392,2973,4580
29564140,1831,4478
29565832,2904,2853
29567564,6285,3653
29569296,2806,5288
29571028,3869,3575
29572760,1816,2918
29574488,4019,3036
29576248,3958,2117
29577952,5547,4401
29579684,2902,3817
29581492,4956,2955
29583148,3745,2094
29584876,2955,5067
29586644,1805,4471
29588340,3816,2100
29590072,3706,2900
29591824,3695,2976
29593532,4822,2109
29595264,5910,5845
29596996,5567,3053
29598764,7861,2226
29600460,1814,2777
29602192,2853,4310
29603992,4913,2969
29605708,3971,2063
29607384,2920,2148
29609120,1794,4464
29610844,2781,4210
29612580,5873,2188
29614308,5478,4644
29616040,2858,2216
29617804,2983,3810
29619504,2911,4550
29621240,6809,2973
29622964,5384,2064
29624696,2819,4287
29626456,4905,2966
29628160,5605,2116
29629892,2864,2904
29631752,4960,4415
29633352,3756,3690
29635084,5886,2074
29636816,1778,4307
29638576,2800,2973
29640276,2962,3461
29642008,4871,2886
29643776,2853,3732
29645472,5020,3535
29647204,1858,2925
29648932,5832,3817
29650700,5845,2235
29652396,1861,2108
29654128,2952,2916
29655860,1818,6798
29657588,2860,2113
29659320,6024,4387
29661052,1854,4528
29662784,2922,2130
29664516,1795,5175
29666248,2781,2176
29667976,4875,3780
29669744,1812,2978
29671448,2853,4367
29673204,2983,2029
29674904,2779,2114
29676636,2922,4357
29678380,1788,2976
29680096,2819,3556
29681872,6938,2936
29683560,3649,2176
29685324,2845,2235
29687020,2971,3508
29688752,3703,2913
29690484,5791,3026
29692216,1775,3490
29693948,2811,2900
29695676,2955,3031
29697408,1818,2773
29699140,4875,2212
29700904,2988,5292
29702632,1847,3720
29704336,6793,2103
29706064,4702,5095
29707796,2788,4532
29709528,2948,2097
29711260,3891,2938
29712988,3808,3026
29714756,6966,2819
29716460,3968,2925
29718184,4860,3996
29719952,4863,2239
29721648,2773,3063
29723376,2936,3647
29725108,1820,3026
29726840,2851,2114
29728604,4956,2180
29730304,3698,3021
29732032,2886,3048
29733764,5454,3693
29735496,5924,2181
29737240,2904,2973
29738960,1822,3529
29740692,2860,5114
29742444,5952,3021
29744160,1846,2117
29745884,6782,3659
29747616,1773,3036
29749348,4681,2138
29751084,6873,3720
29752808,2719,2192
29754540,2864,3783
29756304,2983,3508
29758056,1838,3717
29759736,7757,3043
29761464,3617,3521
29763196,2788,4588
29764928,6884,2066
29766668,1819,2151
29768396,2851,4460
29770156,2985,2175
29771852,1854,3789
29773584,4871,2943
29775332,1788,5938
29777048,1851,3404
29778776,2922,3679
29780508,1822,2955
29782240,2853,2316
29784004,6949,2142
29785704,1850,4464
29787432,2918,2204
29789164,4480,3804
29790896,4778,2127
29792628,2913,5896
29794360,1823,3508
29796088,6725,2148
29797852,2973,5138
29799552,4653,2290
29801284,2906,3586
29803032,1768,4460
29804748,5617,2927
29806476,4925,3056
29808208,1818,4258
29809940,8816,4439
29811704,2990,3043
29813404,2790,2130
29815132,6809,2938
29816868,1774,5339
29818596,1864,2150
29820360,4901,3717
29822060,4558,2931
29823788,3825,2271
29825520,1776,3532
29827292,3927,3708
29828984,3909,3817
29830716,1802,2111
29832448,2792,6122
29834180,2931,3046
29835908,6710,2171
29837696,6955,3670
29839412,2988,3036
29841136,1849,3738
29842832,2929,2113
29844564,1802,2920
29846296,2836,3033
29848028,2931,3628
29849760,1835,2916
29851488,2884,6058
e29853304,2966,2798
29855040,1832,2160
29856812,4763,4453
29858500,1760,2943
29860232,1857,2063
29861964,2925,3567
29863696,1802,2948
29865428,4731,2071
29867156,3787,5009
29868888,3684,3664
29870620,6735,3046
29872352,1759,2146
29874100,1839,2973
29875816,4905,2193
29877636,1778,4464
29879276,1893,2117
29881076,2969,3688
29882740,3773,5313
29884472,2902,3508
29886200,1786,2911
29887932,3831,3043
29889664,4844,4280
29891396,1815,2957
29893128,2838,2175
29894952,2929,5195
29896588,5530,2105
29898332,4875,5191
29900052,1784,3014
29901784,1871,2092
29903516,2900,2920
29905244,1818,3016
29906980,1899,2119
29908724,2973,4367
29910440,1845,4558
29912184,4818,2232
29913904,1769,4956
29915632,2815,3605
29917388,2927,5947
29919096,1811,2092
29920828,6653,2886
29922596,2973,2955
29924288,1849,3031
29926020,3863,5836
29927940,6878,5208
29929492,2771,2969
29931212,4901,2075
29932944,1812,3580
29934688,2845,2973
29936420,2973,3858
29938140,1853,2140
29939872,2916,5138
29941620,2973,3477
29943332,2779,4460
29945100,4833,3735
29946796,1822,2204
29948528,2851,2290
29950292,2978,2129
29951988,4633,2964
29953720,2916,2843
29955452,1790,2838
29957184,3912,5183
29958912,2916,4336
29960644,4595,2165
29962380,2864,3717
29964144,2980,2180
29965840,4639,2284
29967572,4860,2130
29969300,1783,2955
29971032,6598,4982
29972792,5947,4277
29974496,1824,5163
29976228,4796,3041
29977960,1779,2140
29979688,1864,2966
29981420,6851,2188
29983152,5919,5309
29984900,2788,2973
29986616,2962,4391
29988348,3828,5318
29990076,2871,4242
29991808,1783,5099
29993540,2796,3029
29995272,2936,2133
29997000,1808,2969
29998732,2798,2181
30000464,2948,2301
30002204,1831,3505
30003924,2875,3685
30005656,1783,3832
30007388,1875,4197
30009152,2918,4460
30010852,1802,3031
30012584,2834,2140
30014316,2931,2952
30016044,1836,4569
30017800,2869,2232
30019508,2011,2100
30021240,3846,3630
30023004,2911,5971
30024704,1786,3602
30026432,6613,2904
30028204,2952,5224
30029896,3657,2117
30031628,4807,4374
30033356,5882,6859
30035132,2983,2955
30036820,3903,2781
30038596,5947,4998
30040304,1861,2973
30042016,2966,2091
30043744,2769,5048
30045480,2871,2976
30047208,1790,4200
30048940,3810,3636
30050748,3869,4460
30052488,2027,7741
30054132,1869,1383
30055864,2948,2148
30057600,1838,2976
30059328,4921,4154
30061060,1785,2853
30062788,3739,6082
30064520,2948,4188
30066252,5422,5331
30068040,4688,5961
30069716,2941,2221
30071444,1846,2063
30073176,2891,2145
30074916,1788,5183
30076640,1869,2057
30078380,2945,5933
30080120,2973,2955
30081832,3808,5110
30083588,2973,3622
30085312,1831,2973
30087028,2897,3664
30088756,1792,3063
30090488,1875,4267
30092220,2941,2962
30093952,1788,5712
30095684,2813,2132
30097452,3946,5882
30099148,1832,5326
30100876,4807,2146
30102608,1786,4457
30104340,1869,3804
30106068,2950,3801
30107836,5403,2985
30109532,2808,6183
30111264,4921,2048
30112996,3681,3540
30114728,2886,3645
30116536,2985,2955
30118188,1871,3564
30119920,2948,3783
30121652,1811,3639
30123452,2813,4457
30125112,2948,2347
30126844,1843,2943
30128576,7763,5305
30130308,1793,2800
30132040,3739,2904
30133768,2948,3038
30135504,3012,4584
30137232,3793,2212
30138992,2973,5313
30140728,2893,4464
30142428,3869,2103
30144160,3952,5083
30145924,2802,3738
30147620,2950,3602
30149352,3822,2911
30151084,4702,5279
30152840,4956,2113
30154544,1846,5118
30156276,2897,4565
30158076,6927,2212
30159740,6574,2790
30161468,2962,2889
30163236,1806,4467
30164932,2819,2097
30166664,2964,5059
30168412,1842,2973
30170136,2893,3503
30171856,1795,2916
30173588,2819,3807
30175340,2952,2973
30177052,1819,2771
30178784,2862,3605
30180532,2952,2976
30182244,3725,2083
30183976,2911,2864
30185708,1807,6033
30187440,3819,2098
30189172,6906,3670
30190900,2703,5361
30192632,2856,2216
30194400,4968,3046
30196096,1845,2148
30197860,4917,5200
30199556,3855,2063
30201288,2845,5729
30203032,7874,2976
30204752,3782,2804
30206484,4720,2891
30208284,6927,2948
30209948,1845,3670
30211676,3872,2292
30213408,5391,3564
30215140,2828,2962
30216872,2969,5677
30218600,3646,2140
30220332,3031,5914
30222064,6927,3053
30223796,1851,2146
30225528,2902,4464
30227260,1797,2320
30228988,4706,3798
30230720,2966,2934
30232452,1822,4394
30234184,6689,3043
30235912,2966,4251
30237644,1855,2916
30239408,4826,2973
30241108,1811,2138
30242924,2777,6723
30244572,2957,2181
30246384,1776,4457
30248032,2858,3513
30249816,4956,3693
30251524,1836,4521
30253244,2906,3717
30254960,1799,4588
30256688,1888,3036
30258472,2931,4460
30260152,1801,2948
30261884,2836,4569
30263684,4952,3690
30265352,1847,2882
30267076,4871,5809
s30268892,3014,3699
30270624,1858,2817
30272356,2925,2145
30274088,1805,2962
30275856,4956,3036
30277552,4871,4303
30279300,1819,4460
30281012,2860,3670
30282788,2976,4539
30284476,1854,2834
30286208,2918,4408
30287936,1797,2060
30289668,2828,4271
30291400,2920,2941
30293132,3709,3829
30294864,1920,2146
30296628,4968,5322
30298324,2779,2198
30300056,2913,3024
30301788,1778,2116
30303520,4688,2929
30305252,4925,5326
30306984,1818,4216
30308788,5651,4453
30310556,6058,2983
30312176,1855,4453
30313908,4844,2969
30315636,1771,2176
30317404,2767,2242
30319100,4917,2109
30320832,1816,2918
30322564,2853,3036
30324328,2985,2783
30326036,5952,2913
30327756,2916,5309
30329488,1792,4284
30331220,2775,2936
30332960,2909,3814
30334716,1808,2235
30336412,2851,4210
30338172,2973,2895
30339908,1838,6728
30341608,2909,2103
30343340,1789,2909
30345104,2798,5961
30346800,2913,2114
30348532,1824,4394
30350264,4770,4584
30352064,2969,2212
30353724,1851,2097
30355464,2904,4323
30357224,1764,2978
30358920,1875,4188
30360652,2952,3591
30362396,1814,3717
30364112,6684,2109
30365876,2983,2906
30367576,3709,3029
30369308,2916,4446
30371040,1770,3461
30372768,3714,2916
30374520,2936,5208
30376232,3965,2071
30377964,2869,2138
30379716,4909,2976
30381436,3965,2100
30383156,4867,2176
30384924,1783,2978
30386620,3819,3688
30388352,2916,2071
30390084,4629,3575
30391812,4781,4446
30393576,2971,2290
30395276,1849,2146
30397008,5822,5187
30398740,3576,2086
30400468,6564,2155
30402224,2895,4460
30404004,7045,3714
30405668,5914,2745
30407424,2973,3532
30409124,5567,4415
30410856,2904,2061
30412588,1774,2132
30414320,6549,2929
30416052,6878,3043
30417780,1819,4297
30419540,7704,2973
30421244,6922,4675
30422976,1853,2268
30424708,2906,2116
30426436,5502,2931
30428180,3875,5313
30429900,2950,2109
30431732,5859,6717
30433388,2971,3029
30435128,2990,3559
30436868,1842,5204
30438556,2922,2175
30440324,1785,3735
30442020,3742,2119
30443752,2931,2913
30445480,1826,3033
30447216,2853,3616
30448976,2980,2895
30450676,1862,5300
30452408,2918,3551
30454140,4483,2931
30455868,6578,3817
30457628,2900,2232
30459332,1826,4191
30461064,2864,2902
30462868,2976,4436
30464524,8345,2102
30466256,4863,5075
30468004,6210,2976
30469720,6593,2106
30471452,2959,2918
30473180,1822,3041
30474916,1912,2232
30476680,2988,2072
30478376,1858,2153
30480124,2904,2973
30481840,5905,4163
30483572,2786,3567
30485300,2952,2976
30487032,5919,2097
30488764,2856,2902
30490568,6955,2962
30492224,3846,2205
30493956,2922,2290
30495688,5391,2138
30497420,4867,5179
30499152,2925,5087
30500888,1820,2124
30502612,2853,2959
30504380,2976,3046
30506076,3700,2155
30507808,2913,5191
30509540,1790,2187
30511268,4695,2279
30513000,2916,4251
30514732,1824,4397
30516464,2864,3041
30518228,2978,2113
30519924,1854,2934
30521656,2916,3029
30523388,1780,3033
30525120,1878,3693
30526920,3897,3714
30528580,3646,3783
30530312,1915,2806
30532044,5020,2906
30533776,1860,3021
30535508,2913,2106
30537236,1776,2902
30538968,2792,2884
30540700,2955,2121
30542432,3641,5322
30544164,2860,4573
30545948,2980,3688
30547624,1868,3479
30549356,2929,2889
30551124,1794,2978
30552820,1860,2078
30554568,4875,4457
30556316,7033,2973
30558012,1911,4360
30559744,6024,2918
30561508,5543,2990
30563208,2927,2216
30564940,1798,2072
30566668,4713,3583
30568404,2922,2976
30570132,1838,6416
30571864,5938,4293
30573636,2988,2945
30575324,3723,4919
30577056,2925,2156
30578812,1776,5208
30580520,4713,2200
30582252,6938,2290
30583980,1828,2969
30585712,2882,4411
30587444,3825,3056
30589176,2880,4261
30590908,3924,2925
30592640,1781,3795
30594368,2800,2143
30596128,2950,2971
30597832,3720,4374
30599640,2830,4474
30601292,1779,3521
30603024,4657,2922
30604756,2936,3033
30606488,1803,2802
30608296,2755,4471
30609952,2938,3036
30611684,1832,2138
30613412,2873,2950
30615144,2011,3053
30616904,1851,3720
30618608,3912,2100
30620340,1801,5079
30622104,2817,5229
30623800,2934,2089
30625532,1835,2906
30627296,2864,4485
30628996,4048,2116
30630724,1864,4374
30632456,2934,4547
30634192,3573,4625
30635920,3779,2779
30637648,5905,4313
30639392,1828,2973
30641112,2891,2086
30642844,7855,5036
30644576,1874,2966
30646308,2941,3031
30648040,3872,5118
30649768,2815,3676
30651596,5859,5208
30653232,1846,1376
30654964,2889,2138
30656696,5368,2959
30658424,2813,4132
30660156,2955,2127
30661888,5446,4418
30663620,2813,4157
30665352,6906,4565
30667108,3676,2973
30668820,2895,2187
30670544,1794,3031
30672276,1878,2127
30674008,7911,3670
30675740,3644,2038
30677468,2864,5110
30679200,2904,2934
30680932,2806,4573
30682664,5822,5001
30684396,1801,2948
30686128,1879,2173
30687892,2936,2242
30689588,1802,4216
30691320,2858,2918
30693124,2959,5966
30694780,1846,2105
30696532,4948,3628
30698280,1788,3726
30699976,1891,2114
30701708,2959,4391
30703436,1799,2160
30705200,4692,2230
30706936,6949,4401
30708632,1845,3605
30710364,2904,2017
30712096,3591,2786
30713824,2828,2151
30715584,2952,2973
30717288,5470,2098
30719020,2825,4370
30720752,3958,3016
30722484,3703,2214
30724264,2875,5305
30725944,6294,2143
30727676,8477,5187
30729408,2969,4117
30731136,3646,2133
30732868,4785,2971
30734600,2893,2092
30736332,3711,2163
30738076,2906,4464
30739796,1812,4391
30741532,4699,2282
30743256,6906,5009
30744988,1803,4415
30746720,2856,2288
30748484,4976,2119
30750180,4844,2945
30751912,3891,3041
30753644,1799,3570
30755376,2832,5942
30757108,6911,2188
30758836,3734,6848
30760568,2840,3529
30762336,4972,2904
30764040,1845,3041
30765764,2906,4238
30767528,4972,2897
30769224,3776,4547
30770956,2973,2138
30772692,4555,3717
30774420,2825,2916
30776184,2950,2990
30777880,1854,3511
30779612,2904,2925
30781344,3597,3031
30783076,1882,2098
30784808,2964,2856
30786536,1822,3031
30788268,4792,2143
30790000,2966,5147
30791732,1857,2284
30793492,2900,3720
30795192,1806,2102
30796924,4894,5083
30798656,2964,4528
30800388,1806,5747
30802120,4837,2925
30803928,4936,3732
30805584,2788,4994
30807312,2936,2916
30809044,2723,4550
30810784,1886,2232
30812508,2964,2089
30814244,1799,2889
30816000,3762,5947
30817736,6972,4151
30819432,1850,5055
30821172,2906,5204
30822896,1801,2100
30824624,4936,2181
30826380,4944,3685
30828088,3652,3717
30829820,2830,2943
30831564,2973,4432
30833288,5559,4464
30835012,2904,4163
30836752,1797,2138
30838476,5651,3783
30840208,2966,2094
30841940,1823,2904
30843704,9505,2988
30845424,2966,4422
30847132,1860,2066
30848864,4867,2142
30850596,1810,5900
30852324,2832,4800
30854084,5928,3682
30855788,1811,2969
30857520,2866,3611
30859252,3014,2163
30860996,1849,4460
30862712,2925,3682
30864444,2709,3053
30866176,4738,2825
30867908,2969,2943
30869640,1807,3529
30871372,2840,2145
30873136,4980,2931
30874848,5947,3033
30876564,3888,4290
30878296,1805,3720
30880028,4948,2922
30881776,4956,3807
30883488,1832,2828
30885228,6900,2927
30886980,2969,3029
30888680,1862,2124
30890412,4936,2922
30892144,1806,4446
30893876,2836,3575
30895652,5910,3720
30897336,1831,3659
30899072,2877,3019
30900816,2973,2109
30902532,4664,2936
30904264,2931,2292
30905992,1815,2121
30907728,2843,6680
30909620,5919,5216
30911188,1816,4425
30912968,9505,6712
30914652,1786,2212
30916380,1861,2071
30918112,2936,2153
30919864,1807,5208
30921576,2851,2077
30923352,2966,7370
30925076,5760,2985
30926768,2856,4357
30928500,2678,4401
30930232,1860,5318
30931988,2911,3714
30933696,1811,2091
30935464,2830,3720
30937232,2955,2976
30938888,1839,3519
30940620,4837,3653
30942428,2952,2976
30944084,1868,3537
30945816,2922,2943
30947544,1812,3817
30949304,4716,2976
30951036,2973,2856
30952740,1832,2902
30954512,2862,4471
30956224,2973,2095
30957932,1869,5091
30959700,2913,4467
30961396,1818,2122
30963124,6653,4415
30964880,2973,2156
30966624,3617,2990
30968320,2886,3508
30970048,1784,4363
30971784,1865,3031
30973512,2948,2113
30975244,1818,4357
30976976,2858,4543
30978732,2973,2129
30980440,1816,3720
30982176,4756,2187
30983900,5068,2266
30985632,5836,3529
30987364,2929,4429
30989096,1814,2305
30990828,4752,3532
30992592,2980,2920
30994288,1843,3073
30996020,4756,2900
30997824,2976,5914
30999484,5613,2200
31001212,2936,2290
31002944,3679,2142
31004684,6648,2962
31006440,2983,2046
31008140,1839,4990
31009868,2900,5208
31011636,2980,4360
31013332,1876,5114
31015096,2929,2980
31016796,1824,2211
31018524,6674,4350
31020292,2980,2133
31021996,1824,2976
31023720,2897,4129
31025452,5832,2866
31027188,2819,5952
31028912,2957,2102
31030644,1824,2165
31032412,2849,2983
31034160,4956,2190
31035836,1823,2071
31037580,2877,2973
31039300,1794,5933
31041032,1869,2072
31042764,5891,3586
31044496,1824,6648
31046240,2858,2976
31047956,3014,3614
31049688,1850,3012
31051420,2866,2216
31053152,1798,3061
31054884,5643,3567
31056648,2931,3717
31058344,1827,2973
31060076,2869,3559
31061808,1755,4614
31063536,1851,2097
31065272,2920,5079
31067076,2980,2962
31068732,1885,2205
31070464,2966,3817
31072196,1834,3570
31073924,2875,5191
31075656,1754,3842
31077396,1836,2959
31079120,2916,2966
31080852,1798,2089
31082584,2825,2163
31084356,5905,2973
31086044,1839,5859
31087776,5795,2290
31089508,1783,2845
31091240,1839,3685
31092968,2897,2049
31094700,1811,2135
31096432,5664,2950
31098164,2973,3043
31099896,5518,2142
31101624,2895,5200
31103460,5966,3690
31105088,1867,3801
31106820,2897,3529
31108552,1814,4384
31110284,2849,3038
31112024,2973,2114
31113744,1845,2916
31115476,2897,3026
31117208,1779,4264
31118940,2815,2966
31120668,2948,2158
31122444,1801,3720
31124132,1905,2100
31125896,2978,2889
31127596,1850,3019
31129324,2902,2094
31131064,1765,4464
31132788,1851,3019
31134520,2941,3567
31136252,1811,3688
31137980,2851,4554
31139756,2973,3696
31141444,1850,2095
31143176,2913,2889
31144944,1783,2983
31146636,1849,3513
31148368,2916,5055
31150144,1805,5208
31151832,2847,2817
31153592,2973,2886
31155296,1846,4528
31157024,2909,2223
31158756,1788,4154
31160488,2811,2875
31162220,2906,2971
31163952,1820,2077
31165684,3756,3589
31167444,4956,5143
31169144,1851,3495
31170876,2913,2168
31172648,1764,2983
31174336,1878,2952
31176068,2962,2290
31177816,1815,6102
31179532,1914,2957
31181264,3012,4610
31182996,1858,3540
31184728,2913,4411
31186456,5686,2080
31188188,2790,2161
31189932,6873,4464
31191652,1818,2918
31193488,2802,6685
31195112,5024,2125
31196844,1857,5147
31198576,2925,5326
31200308,1799,2114
31202040,2783,2941
31203768,2931,2286
31205500,1828,4284
31207232,2862,5167
31208996,2988,3817
31210696,1857,2264
31212424,2925,2819
31214156,1798,4374
31215888,2825,3024
31217620,2922,2113
31219352,1830,5103
31221080,2873,5275
31222852,2983,4213
31224544,1865,3676
31226276,5841,2170
31228032,1775,3861
31229740,1882,2097
31231468,2971,3625
31233300,6028,2973
31234932,1920,2100
31236664,1783,2889
31238396,1865,5087
31240128,2927,3521
31241904,1768,5208
31243700,1831,4478
31245352,2950,3714
31247052,1827,2084
31248780,2877,2897
31250608,4956,5163
31252244,1867,2078
31254008,2929,4457
31255740,1805,2980
31257440,2802,4377
31259172,2945,5836
31260900,1839,4521
31262632,2880,2221
31264364,1785,2075
31266096,3731,4303
31267852,2927,2969
31269556,5419,5703
31271288,5919,5024
31273076,4913,2971
31274752,3679,2796
31276484,2906,2166
31278288,2978,4439
31279944,5609,2212
31281676,6862,2066
31283420,1788,2973
31285136,2843,5914
31286900,6938,2055
31288600,4829,4287
31290332,3869,2941
31292064,1794,3835
31293792,2821,2158
31295616,2900,4446
31297256,1794,2202
31298988,2823,3033
31300748,2973,2817
31302452,3679,3693
31304180,2900,4114
31305912,1793,2819
31307644,2819,4558
31309376,2962,2071
31311184,1794,4464
31312840,3776,2971
31314568,2964,4363
31316300,1847,3771
31318040,2893,2830
31319764,1795,5126
31321496,2817,4550
31323224,2964,3578
31324956,2729,2931
31326688,2864,6082
31328420,2964,2138
31330152,1854,5147
31331884,2913,3614
31333612,2950,3014
31335344,3773,3516
31337076,2962,3639
31338808,1808,3774
31340540,2858,2111
31342304,2988,5067
31344036,1836,2990
31345768,5795,5224
31347464,3852,3670
31349196,5673,3814
31350924,6927,3771
31352656,3684,4893
31354388,2840,2895
31356196,4972,2962
31357852,1854,4901
31359580,2916,2886
31361344,1794,5208
31363044,2838,2113
31364788,2971,3521
31366508,3657,4569
31368248,2832,3714
31369984,2973,2077
31371700,3720,2882
31373524,4948,5143
31375164,1805,2077
31376896,2834,5021
31378660,2934,2973
31380356,1835,4363
31382088,2882,4377
31383868,2952,2985
31385552,1864,3699
31387280,2931,2075
31389012,1812,4303
31390772,2825,2969
31392484,2973,5063
31394208,1812,2871
31395948,2871,5204
31397668,1776,4614
31399400,1860,2168
31401168,2913,4474
31402864,1812,3829
31404596,3805,2755
31406348,2973,2137
31408056,1819,4436
31409788,2860,2068
31411520,3573,2143
31413260,1860,3673
31414980,2936,2083
31416712,1815,3602
31418444,2858,3630
31420212,6955,5107
31421940,1832,4528
31423692,4984,3511
31425404,4972,2929
31427100,1872,4117
31428888,6938,3492
31430564,3633,4591
31432296,1902,2072
31434024,2909,2792
31435756,3684,6691
31437488,2902,2192
31439220,3051,2264
31440952,1878,2127
31442684,4921,2929
31444412,4568,3798
31446144,2880,2862
31447908,2985,2909
31449620,1824,5300
31451340,2900,2845
31453068,1789,5143
31454800,2811,4330
31456568,2936,2235
31458264,1823,2804
31459996,2871,5804
31461804,2959,4471
31463460,1824,2103
31465188,2875,4357
31466956,1784,2978
31468648,1874,4460
31470384,2948,4384
31472116,3646,2156
31473880,2851,2233
31475576,2011,2086
31477308,1850,3600
31479068,2853,2973
31480768,2011,2087
31482500,1879,4303
31484232,2948,2886
31485972,1820,3495
31487696,2862,2922
31489460,2988,3804
31491156,1846,2218
31492888,4844,3451
31494652,2990,2133
31496352,3822,3714
31498080,2957,2064
31499884,1814,6728
31501544,6684,2973
31503308,4976,2783
31505008,1835,2895
31506768,6725,2973
31508468,1788,4408
31510200,1872,2290
31511932,5905,3559
31513664,1823,2959
31515396,2866,3479
31517160,6955,2122
31518856,1822,2955
31520588,6694,4569
31522320,1792,2146
31524052,1869,2976
31525784,2941,5446
31527512,1831,2279
31529264,2856,4576
31530976,3014,4391
31532708,1849,3043
31534436,2773,4245
31536168,4022,4370
31537900,1879,3029
31539632,2948,3564
31541380,1818,3720
31543096,2864,2180
31544900,2980,2221
31546556,1847,3508
31548288,4848,2929
31550020,3012,5309
31551792,1868,5204
31553544,2922,4453
31555212,1832,3026
31556944,2889,4307
31558716,2985,2916
31560408,1834,5309
31562152,2900,3717
31563868,4483,3498
31565600,2819,5075
31567364,2945,4474
31569064,1832,3639
31570796,5751,2897
31572604,4921,2973
31574256,3657,2113
31575988,2877,2906
31577720,1797,3780
31579452,3866,2230
31581228,4875,5292
31582960,1810,3564
31584692,5845,3685
31586456,2978,3046
31588152,1839,4271
31589884,2851,2938
31591648,2978,2893
31593348,1865,5017
31595080,2938,3842
31596812,3714,2322
31598540,2843,2273
31600296,2973,2109
31602004,2749,2931
31603744,2877,5322
31605488,2973,4207
31607196,1869,2916
31608928,3943,3048
31610660,3633,4394
31612404,6618,4450
31614140,2973,3614
31615888,1808,3738
31617584,6730,2108
31619316,5755,5103
31621048,1862,3033
31622792,6841,5760
31624524,1811,2909
31626264,5699,5275
31627992,3965,2830
31629716,1808,2925
31631448,2845,3043
31633228,2985,2216
31634912,1853,2098
31636640,2918,2895
31638400,1798,4464
31640104,4756,2089
31641856,2973,5036
31643568,1832,3720
31645296,2840,2105
31647056,2973,3619
31648760,5588,3026
31650492,2918,2226
31652224,1807,2080
31653956,4724,3575
31655716,2973,2955
31657416,3657,3461
31659148,2875,3556
31660884,2976,4595
31662612,1867,2087
31664344,2922,4336
31666104,1801,2976
31667804,5668,2198
31669536,2971,3798
31671268,3620,3553
31673000,2869,5159
31674760,5947,4550
31676460,1854,3642
31678192,2927,2948
31679924,1807,5751
31681656,5677,2146
31683384,2973,4432
31685116,5773,2906
31686848,2840,2268
31688616,5980,4901
31690312,1851,5103
31692040,2913,3783
31693772,1805,2116
31695504,2836,4377
31697284,2955,2985
31698976,1827,5279
31700696,2836,3676
31702448,4956,3792
31704196,5539,3732
31705892,2913,4185
31707624,1815,4333
31709388,4688,2983
31711092,2973,2092
31712816,3652,2877
31714568,2862,2976
31716280,2973,4216
31718012,3714,4453
31719740,5841,3036
31721480,1805,2219
31723204,1885,2075
31724936,2966,2153
31726680,1803,3810
31728400,3819,3444
31730228,4948,5900
31731868,1849,2976
31733592,2922,5067
31735324,1806,3628
31737088,2834,2976
31738788,2966,3676
31740516,1802,2063
31742248,2836,2143
31744020,4968,2938
31745712,1847,3572
31747444,2906,2135
31749172,1799,5171
31750904,2828,3807
31752636,2971,2145
31754368,3646,4453
31756100,2823,2187
31757828,3965,3033
31759560,1853,3817
31761292,2904,3656
31763024,6396,3031
31764756,3762,5681
31766488,2966,2904
31768216,1822,3016
31769948,2864,3548
31771684,2971,2950
31773412,1853,2170
31775168,2897,2232
31776872,1802,2794
31778604,6583,2175
31780368,6868,5224
31782068,1803,5191
31783800,2858,2877
31785616,6938,2955
31787296,1836,5208
31788992,2934,2916
31790724,5778,5275
31792456,1891,3696
31794192,6911,2072
31795916,3861,5013
31797648,2840,5195
31799416,2985,4975
31801112,1850,2150
31802840,4856,4453
31804572,5411,2089
31806304,2836,3597
31808080,2952,4460
31809844,3607,3735
31811500,3776,4132
31813244,2973,3535
31814960,1858,2936
31816692,2916,2294
31818424,4525,4251
31820152,2836,2925
31821892,2976,5147
31823616,1828,3570
31825376,4875,3708
31827084,4956,2916
31828848,1849,2990
31830544,2925,4213
31832272,2040,3801
31834004,3872,3033
31835736,2973,2098
31837500,1799,4460
31839196,2871,3029
31840928,6038,5187
31842692,1843,5208
31844392,2929,3041
31846148,1799,3717
31847856,2853,2873
31849584,2973,5075
31851316,1806,3014
31853048,2860,2843
31854780,3012,2893
31856544,1840,5224
31858244,2916,2116
31859972,1805,2906
31861704,2838,3024
31863464,2973,2216
31865168,3657,4163
31866904,2832,2880
31868676,2973,2955
31870360,3720,4163
31872132,4956,5712
31873824,3607,2964
31875556,2832,2087
31877292,2973,2165
31879016,1827,3016
31880748,2875,2218
31882480,2973,2900
31884212,5580,2140
31885944,4867,4443
31887672,1807,4142
31889404,2830,2137
31891136,2966,4425
31892868,1806,2081
31894596,2864,2891
31896404,4948,2950
31898060,1851,3702
31899792,2918,3041
31901524,2657,2866
31903252,2836,5163
31904984,2964,3645
31906716,1801,3656
31908448,2836,2952
31910216,2980,3036
31911912,1847,2150
31913644,2904,5187
31915372,1798,3642
31917104,2830,2273
31918836,2971,5005
31920572,2973,2922
31922296,2828,3795
31924028,2969,2121
31925760,1851,5126
31927492,2902,3024
31929224,1806,3845
31930956,2821,3688
31932688,4936,2173
31934416,1820,3777
31936148,2866,2103
31937880,2962,4353
31939620,5551,3016
31941340,5809,2106
31943072,1802,2893
31944840,2804,5233
31946536,6900,2122
31948268,1801,4394
31950000,5712,5348
31951772,6949,2216
31953460,1846,2091
31955192,2913,2891
31956956,3793,3729
31958656,1885,2078
31960424,6873,6675
31962160,1784,5208
31963848,2832,4464
31965612,4972,4353
31967312,1846,3012
31969044,2904,2221
31970772,7039,2081
31972504,6603,2156
31974264,2955,2976
31975968,1822,3451
31977700,5048,5079
31979456,2952,5204
31981160,3703,3508
31982928,5947,2869
31984668,1781,2976
31986356,1879,2214
31988084,2962,2071
31989852,1807,2980
31991548,2862,3705
31993280,5919,2071
31995012,1853,5005
31996740,2911,5900
31998472,1802,3068
32000204,1881,2880
32001972,2936,2980
32003668,3604,2207
32005396,2858,4576
32007164,2980,3529
32008860,1845,3688
32010592,5813,6122
32012324,1795,2122
32014056,2823,3795
32015788,6884,2072
32017552,1784,4464
32019252,4731,2976
32021008,6938,3639
32022708,1843,2271
32024440,2900,2955
32026192,4956,2922
32027904,3759,5331
32029636,2959,2113
32031368,1818,2941
32033096,4860,4573
32034840,3937,2138
32036560,1846,2955
32038292,2853,5075
32040024,4051,3019
32041752,1888,2815
32043536,4956,5773
32045216,3628,3024
32046948,2853,2116
32048680,2840,2918
32050448,3671,2990
32052144,6772,3537
32053872,1798,4415
32055604,1876,2891
32057380,5850,4474
32059068,1798,2794
32060800,2845,3614
32062604,2955,2976
32064260,1842,2097
32065992,4837,2880
32067756,1784,4464
32069452,1891,2114
32071252,4867,5204
32072916,1793,3804
32074648,2823,2228
32076408,2973,3449
32078112,3881,2160
32079868,2884,5208
32081572,1793,2074
32083304,2821,4614
32085064,2948,2976
32086768,1820,2819
32088500,3762,5163
32090264,2948,2983
32091960,5551,3693
32093692,5800,2074
32095424,3646,4300
32097164,2813,4464
32098888,2957,5725
32100616,1819,2864
32102348,6674,3720
32104080,2959,4242
32105812,1851,2158
32107580,4811,4457
32109272,1801,2207
32111004,5639,4126
32112736,2957,2140
32114468,1802,5163
32116196,6664,4126
32117964,6961,2125
32119660,1846,3670
32121392,6793,2290
32123124,1798,2150
32124908,2808,3717
32126584,4929,2197
32128316,1798,4576
32130056,2840,2904
32131816,2976,2913
32133512,3855,3807
32135244,2897,4219
32137000,1785,4464
32138864,5900,5200
32140436,4936,2145
32142168,1820,2959
32143900,2817,3664
32145664,2943,3735
32147360,5543,2108
32149092,5782,5138
32150824,1792,5292
32152556,5626,2098
32154284,2952,2922
32156016,1814,4539
32157748,2858,2130
32159480,2955,4404
32161212,1847,3605
32162976,5764,2980
32164672,1798,2817
32166404,5626,5087
32168136,2950,4528
32169868,1799,2114
32171596,2853,3662
32173408,2955,2985
32175060,1845,2140
32176792,2909,3717
32178524,1797,2931
32180260,3762,3431
32181988,5905,2851
32183716,3779,4439
32185448,2825,2074
32187180,2955,3583
32188908,3687,2964
32190644,2897,5118
32192408,2980,3600
32194104,3863,3792
32195836,2962,2170
32197568,1820,2771
32199296,2819,3589
32201052,2952,2973
32202792,4948,4857
32204492,2893,2148
32206224,3668,4629
32207956,5634,2098
32209684,2959,2920
32211500,4473,4464
32213148,4760,2221
32214912,2945,4450
32216608,2775,2151
32218348,2900,7709
32220072,3599,2068
32221804,5634,3630
32223548,2945,5208
32225268,3599,2106
32227000,4752,2891
32228804,2959,2980
32230460,1845,2216
32232192,5822,2071
32233952,1790,5204
32235656,1883,2976
32237384,2957,4242
32239116,5836,2871
32240860,2819,2973
32242656,2948,4467
32244368,5673,5747
32246112,4767,2976
32247840,3014,2192
32249564,1860,3053
32251296,2929,2132
32253024,5407,4425
32254756,5580,2066
32256488,2936,4994
32258220,1830,4425
32259952,2866,3477
32261680,3014,2170
32263412,3720,3774
32265144,2931,4595
32266876,1799,2761
32268608,2832,3570
32270408,4952,5468
32272072,3663,2074
32273800,2877,2853
32275568,2988,2891
32277264,1860,3511
32278996,2931,3642
32280724,1784,3774
32282456,3767,2212
32284188,2971,3451
32285920,1827,2151
32287656,2880,2976
32289384,1783,3439
32291188,1840,3723
32292856,5048,2973
32294576,1783,2813
32296308,2811,5063
32298072,3930,2980
32299768,3912,3693
32301500,2873,2806
32303232,4515,3586
32304976,1858,4464
32306696,2936,3446
32308428,5747,2893
32310168,2792,3720
32311888,2941,4191
32313620,1838,2165
32315388,2856,4474
32317080,1792,2218
32318812,1864,2075
32320548,2938,3586
32322276,5415,5942
32324008,5733,2075
32325736,2938,2155
32327468,1840,5924
32329236,2866,2980
32330932,3014,3614
32332664,3748,5279
32334396,2931,2219
32336288,2985,5191
32337856,1889,3572
32339672,4882,3723
32341320,1831,4839
32343060,2884,5352
32344784,1795,3786
32346512,1872,2084
32348244,2936,2895
32350012,1775,2978
32351708,2811,4411
32353440,2973,4569
32355172,1830,2860
32356932,2864,3717
32358632,1784,3061
32360364,1869,3711
32362096,2945,2969
32363828,1807,2083
32365560,2802,2151
32367288,2948,2969
32369020,1839,3642
32370752,2880,3789
32372480,1786,4952
32374212,1869,5122
32376104,6927,4408
32377676,1811,2121
32379408,2849,3659
32381136,4913,3014
32382872,1842,4960
32384600,2893,3688
32386332,1792,3073
32388108,1854,2237
32389796,2938,2095
32391524,1792,3619
32393292,2819,2990
32395004,2973,2091
32396720,1834,2875
32398476,2880,2976
32400184,1794,4219
32401912,1875,5365
32403644,5882,3033
32405376,1795,2221
32407108,2815,3456
32408932,6835,4457
32410580,1834,2973
32412300,2891,2064
32414060,3561,4464
32415788,3930,2969
32417500,4940,5155
32419224,3631,3625
32421092,6961,2904
32422688,2957,2934
32424420,3690,2290
32426152,2886,2138
32427880,1790,2959
32429616,1872,3419
32431388,4956,4232
32433076,1814,5163
32434808,2856,3804
32436540,2950,2140
32438268,3706,4453
32440000,2900,2190
32441732,1795,3056
32443464,1874,2124
32445196,2945,3659
32446924,1795,3038
32448660,3891,2119
32450416,4956,3622
32452144,3663,2973
32453852,2902,3553
32455580,3563,2966
32457312,3762,2180
32459080,2929,2988
32460776,1793,2105
32462520,2817,3717
32464336,8865,2976
32465968,1842,2095
32467728,2884,4464
32469432,3586,3026
32471220,3977,2108
32472896,3946,2938
32474628,1818,4562
32476436,4948,2204
32478088,4936,2160
32479820,6873,5055
32481584,2880,3726
32483280,5384,2083
32485016,1878,2897
32486780,2950,2980
32488484,3631,2108
32490208,6674,4363
32491936,2959,4543
32493672,1851,2226
32495400,6788,4251
32497132,2966,2873
32498868,1878,2973
32500592,6906,2086
32502328,4909,5032
32504056,5712,2966
32505824,4968,6112
32507520,1845,2176
32509252,6788,4425
32510992,3631,4439
32512716,1885,3449
32514444,4932,2142
32516176,3604,2971
32517908,2830,4142
32519672,4968,2825
32521396,1838,5208
32523100,2906,2091
32524832,3597,4536
32526600,1874,3729
32528296,2971,2931
32530028,1826,2284
32531760,2828,4277
32533492,6938,2955
32535220,1855,2051
32536952,2922,5155
32538684,1799,2955
32540412,2836,5067
32542144,2969,2882
32543876,1823,2966
32545608,4785,3647
32547336,2969,3038
32549068,3748,2127
32550800,6814,3682
32552532,1807,5331
32554264,4749,2124
32555996,5933,3673
32557728,1812,5305
32559460,2862,2130
32561188,3012,3693
32562920,1850,2180
32564652,5836,3021
32566384,1802,3053
32568120,2832,2976
32569860,6900,4525
32571592,3866,4210
32573324,3770,5059
32575128,4925,2976
32576784,1845,2117
32578516,2900,3575
32580248,3591,4569
32582172,6938,4562
32583716,2964,3867
32585440,5474,2165
32587208,2808,5204
32588904,4948,2080
32590636,1853,2873
32592400,5044,2985
32594096,1797,2114
32595828,4702,2918
32597560,2962,4528
32599292,1819,4443
32601020,2864,2830
32602752,4886,4307
32604492,1850,3720
32606224,3875,2068
32607948,1802,2877
32609692,2817,4460
32611412,2957,2098
32613140,1805,3616
32614908,2843,4482
32616636,4976,2934
32618336,1847,4915
32620064,2916,4284
32621796,1801,3696
32623528,2830,2071
32625260,4822,2142
32626992,2703,2948
32628720,2830,3469
32630488,2978,2860
32632220,1832,3732
32633916,3866,2218
32635648,1795,2279
32637380,1881,2840
32639108,2969,2950
32640840,4841,2063
32642660,6927,3670
32644304,2966,5134
32646036,1851,4142
32647764,4936,2877
32649516,1788,5942
32651228,5630,2181
32652960,2957,3774
32654692,1814,2119
32656420,4760,5130
32658152,2955,5344
32659884,1851,3516
32661616,2902,5126
32663348,1797,3826
32665080,1875,2856
32666808,6906,4411
32668540,1799,2171
32670308,2832,2242
32672036,4968,2095
32673736,1842,2920
32675464,2909,4532
32677196,3790,2106
32678936,2819,5091
32680696,4882,5220
32682392,1797,2819
32684120,2821,2931
32685940,2950,3714
32687620,1828,3726
32689316,2891,3662
32691048,1792,3614
32692780,3695,2020
32694512,2957,3487
32696240,1818,3594
32697972,2815,2938
32699704,2959,4569
32701436,1851,2925
32703168,2889,3029
32704916,1794,3717
32706628,1875,3464
32708360,2955,2877
32710160,1790,3714
32711824,4752,5514
32713556,2955,4401
32715300,3681,2976
32717016,2897,4307
32718748,1795,4350
32720512,1864,5216
32722212,2959,3679
32723940,1797,2834
32725672,2853,2836
32727436,2978,5143
32729136,1839,4599
32730868,5905,2143
32732600,3822,4436
32734328,3753,2290
32736060,2948,2151
32737804,1785,4460
32739524,4688,2925
32741264,4956,3041
32743040,5966,3500
32744716,2882,4391
32746448,1786,3061
32748216,3965,4915
32749908,2948,2918
32751648,1808,4539
32753372,2804,4277
32755104,2948,3714
32756836,5518,2911
32758600,2862,3729
32760296,1785,2806
32762028,1869,2916
32763760,6862,3024
32765492,1806,2092
32767300,4664,5947
32769060,4913,2971
32770684,3681,2843
32772416,4811,3673
32774232,2964,3732
32775884,3725,3717
32777608,2934,3616
32779340,1788,5059
32781108,2815,2980
32782812,2976,5036
32784536,2838,2884
32786300,3825,3726
32787996,1792,2813
32789728,2909,2168
32791496,2911,3738
32793192,3918,4439
32794924,4671,2074
32796652,2971,2151
32798384,1827,5191
32800116,4789,2072
32801864,5032,3567
32803580,1864,5900
32805308,5877,3029
32807040,3610,2877
32808808,2775,3726
32810504,4898,2142
32812236,1842,2282
32813968,2869,3545
32815696,5024,3848
32817428,3720,2322
32819160,4886,2117
32820892,1799,2884
32822624,2828,3449
32824356,2925,2151
32826084,5490,4457
32827816,2873,2183
32829548,3012,3036
32831280,3711,2900
32833008,6814,3702
32834740,4451,3036
32836472,1879,3580
32838204,2964,2927
32839936,3644,3033
32841664,1915,2135
32843396,3012,4415
32845128,1860,2166
32846904,2889,2976
32848592,3903,2884
32850324,2788,2900
32852088,6841,4478
32853784,3831,2105
32855516,3808,2902
32857316,2971,2952
32858980,1853,4226
32860712,2918,2938
32862440,1794,3053
32864196,5530,2976
32865904,2918,2086
32867636,3641,4316
32869408,2828,5410
32871128,2973,2075
32872828,1847,2866
32874560,2909,2971
32876292,1786,2105
32878020,4681,3653
32879852,4921,3717
32881484,1816,2218
32883216,2851,3451
32884964,2880,3717
32886684,4760,2976
32888412,2897,3439
32890192,6028,4415
32891872,1865,2976
32893604,6851,2804
32895336,4515,2897
32897096,1891,2969
32898816,6938,3662
32900528,1851,2071
32902260,2891,2143
32903992,1761,4450
32905724,1845,2058
32907452,6835,2140
32909184,1808,3705
32910916,4724,2783
32912660,2973,2143
32914392,1835,2976
32916112,3861,2198
32917912,6966,2950
32919580,1834,3553
32921304,4829,4415
32923036,3612,2054
32924796,4956,3543
32926496,3958,3662
32928228,1843,4558
32929960,2891,3068
32931700,3548,3720
32933424,1861,2190
32935220,5089,5383
32936884,1807,1410
32938632,5660,3720
32940348,2856,4090
32942088,5494,2102
32943840,2864,4460
32945648,5905,2978
32947272,1855,2142
32949004,2920,2955
32950736,1797,6117
32952500,1875,2235
32954196,4948,2804
32955928,1836,3699
32957660,2875,3016
32959392,2009,3633
32961124,1834,2911
32962852,5818,5288
32964584,1803,2124
32966316,2823,4391
32968048,6911,3807
32969800,1828,4460
32971512,4789,2840
32973276,2985,2871
32975008,1823,4460
32976704,2873,2097
32978436,3589,5063
32980184,2800,5204
32981896,2948,3513
32983628,4555,3653
32985360,2884,3053
32987148,2980,2952
32988824,1849,2792
32990552,2866,4330
32992364,2969,5155
32994016,1878,3477
32995748,2941,2817
32997480,1819,5952
32999212,6669,2103
33000976,2983,4610
33002672,1843,3777
33004404,4837,3690
33006168,2983,3046
33007864,1876,2155
33009600,2948,2973
33011328,1826,2938
33013060,3828,4280
33014832,2973,2948
33016520,1827,5159
33018252,5827,3619
33019992,1784,2976
33021716,1869,3667
33023448,6884,2290
33025180,1820,2138
33026908,2866,2959
33028676,4964,4565
33030416,5947,2116
33032104,2862,6643
33033836,3576,3823
33035568,1868,2140
33037296,2936,3714
33039028,4542,2192
33040760,2858,3038
33042524,2983,2817
33044224,1843,4397
33045952,2856,2049
33047720,4972,3516
33049416,1872,3647
33051148,2931,3026
33052880,1810,2135
33054608,6653,5200
33056376,2978,2168
33058184,1799,3720
33059804,2889,2108
33061564,2976,3693
33063268,2804,3823
33064996,2936,2100
33066740,1812,4460
33068460,2843,3031
33070208,2973,2127
33071924,2727,2943
33073656,2880,5339
33075412,3014,2976
33077116,3723,2895
33078864,5850,3708
33080676,3974,2948
33082312,1899,2084
33084044,2976,2902
33085808,1799,2985
33087512,2845,2113
33089236,2011,7290
33090968,3808,3033
33092696,4863,2232
33094428,3615,4320
33096160,4807,2178
33097936,4956,2955
33099624,1832,2086
33101352,2794,2880
33103108,4956,2955
33104816,5580,4915
33106548,2922,2902
33108280,5415,3858
33110008,4724,4453
33111740,4940,2071
33113472,1824,2142
33115208,4785,2973
33116936,7923,2072
33118664,1860,2847
33120396,2918,2957
33122128,1807,2089
33123860,2828,4576
33125624,4909,3729
33127320,1807,2200
33129052,2864,3043
33130820,2990,2124
33132516,1849,2952
33134248,2913,5171
33135980,1801,2122
33137712,2828,2950
33139440,3949,4415
33141172,1798,2158
33142904,2828,2959
33144668,2973,2171
33146364,1843,2275
33148096,4833,2124
33149828,1793,2938
33151560,2819,4565
33153292,2962,2119
33155024,4598,3667
33156752,2815,3786
33158484,2962,2129
33160224,1842,3682
33161948,2889,2181
33163680,3660,3656
33165408,4681,2121
33167140,2950,4370
33168872,1819,2035
33170604,6638,3513
33172336,2948,2900
33174100,4575,2985
33175796,4815,2121
33177528,1790,3636
33179260,4685,3619
33181016,2920,2976
33182732,1786,3482
33184456,6608,2891
33186184,3703,6899
33187916,1831,4679
33189648,3861,2158
33191456,5900,2971
33193108,1869,3653
33194840,4901,2922
33196588,5947,4521
33198304,1862,2226
33200036,2957,2080
33201820,3987,5804
33203516,2851,2973
33205228,5024,2072
33206960,3918,2163
33208712,3881,4464
33210424,7183,2103
33212156,4882,2175
33213884,2920,6028
33215616,5466,2219
33217348,4756,3529
33219112,2973,2845
33220808,1847,2966
33222540,3878,2078
33224272,1786,4300
33226004,2804,2957
33227736,2900,3479
33229468,1815,2166
33231196,5712,3771
33232940,2969,2945
33234660,1843,2286
33236392,2891,2130
33238124,1764,4436
33239856,1860,2060
33241584,2934,2832
33243316,2027,4595
33245048,1882,2078
33246788,2971,2880
33248532,1832,3717
33250240,2882,2187
33251972,5896,3807
33253704,1839,2124
33255444,5822,2931
33257168,1795,3817
33258896,5656,3636
33260628,2966,2934
33262360,3881,5331
33264092,2882,2142
33265824,6028,2941
33267552,3765,2171
33269320,2862,2242
33271048,1789,5204
33272748,1876,5110
33274480,2952,3021
33276208,1826,2106
33277940,4956,5099
33279748,3974,3702
33281404,3695,3521
33283136,2864,2929
33284976,2964,4485
33286632,6524,2232
33288328,2941,3140
33290060,3639,3029
33291828,5673,4467
33293556,2980,4163
33295256,3679,3594
33297000,2889,4464
33298748,2973,2094
33300448,5673,2193
33302188,5891,4539
33303912,1816,4450
33305644,3790,4450
33307388,6938,2866
33309156,4921,5947
33310836,1917,4142
33312568,3602,3575
33314324,3695,4464
33316032,2943,4450
33317760,4522,2902
33319524,2825,4478
33321220,6938,3690
33322956,1805,2796
33324684,5686,2904
33326452,2990,2945
33328156,1849,3570
33329880,2911,3608
33331612,3617,2969
33333340,4724,2773
33335072,2973,2161
33336840,1812,4467
33338536,2828,2941
33340264,5942,2747
33341996,1851,2845
33343744,4952,2941
33345460,3591,2309
33347192,5877,3564
33348924,2955,5873
33350656,3633,2948
33352384,2860,4320
33354216,4956,3676
33355848,5738,2200
33357580,2902,3026
33359308,1797,3532
33361040,1875,2938
33362772,5882,2290
33364504,1794,2813
33366236,2843,3664
33367988,4956,3031
33369696,1836,3583
33371428,2895,6680
33373160,3711,3056
33374928,1861,2235
33376624,6851,2108
33378352,3816,2916
33380084,2811,3031
33381816,6938,3498
33383604,8971,5044
33385276,2877,3029
33387012,5345,2838
33388748,3965,2920
33390472,4894,3048
33392236,5403,2232
33393956,2781,5204
33395664,2934,3633
33397432,1818,4478
33399128,4852,4890
33400904,4964,3597
33402620,1847,3720
33404324,4781,2105
33406052,4489,3650
33407784,2825,2286
33409516,2918,2214
33411248,1826,4429
33412980,2866,3608
33414820,2934,3720
33416440,3756,2092
33418172,2911,5028
33419916,1773,3720
33421636,2825,2105
33423372,4913,4387
33425096,3633,4554
33426828,4767,3717
33428592,2978,2763
33430292,1851,2957
33432076,4785,3720
33433752,1765,2781
33435520,4598,5961
33437216,4898,3031
33439004,3971,2821
33440676,3790,2221
33442436,6938,3817
33444140,1843,2266
33445872,3863,2832
33447604,2674,5159
33449392,7942,6048
33451068,2897,2124
33452796,1807,2962
33454528,2825,3482
33456260,2964,4323
33458004,1828,3717
33459724,2882,3664
33461452,1774,3058
33463184,1857,2853
33464916,2877,5175
33466648,1803,3835
33468380,1886,2143
33470116,2955,3720
33471840,1828,2087
33473572,2886,2151
33475352,2990,4432
33477036,1851,2202
33478764,2909,2747
33480532,2990,4941
33482228,1881,2943
33483960,2955,2060
33485692,1826,2130
33487424,4952,2931
33489188,6955,2950
33490884,1826,3578
33492616,2897,5365
33494348,1785,2151
33496088,2798,2268
33497812,4952,3647
33499540,1820,2931
33501272,2860,4569
33503032,6944,4204
33504736,1815,2836
33506468,2856,3814
33508196,4731,2155
33509928,1860,3026
33511660,4879,2183
33513392,1810,3021
33515120,2847,2884
33516880,2973,4370
33518584,5502,4580
33520316,2840,2008
33522072,2973,3659
33523780,3720,2078
33525508,2916,1319
33527240,4515,2969



robotV3 >> stop
Stop


robotV3 >>
